post_id;text;date;likes;owner_id;is_video;by_tag
Bt23yq2nYZK;"Помните же, что научиться вязать может каждый? ☺️ Третье видео уже тоже выложила на YouTube 😉

Что такое СБН? 🤔
Это распространённое сокращение, которое обозначает «столбики без накида» 🙂

А знаете, что существует 3 способа? А как из вязать? А какой лучше?
Смотрите мое видео- я все-все расскажу 😉
И у нас все получится, обязательно получится! 👍🏻 Маленький отрывок оставлю в карусели 🎠 , а полное видео найдёте по ссылке в taplink под «шапкой» профиля. Ссылка называется: «Как вязать столбики без накида (СБН)?». 👌🏻 Кликайте, переходите, подписывайтесь, чтобы меня не потерять и ❤️ за старания ☺️";1550136929;44;8338673938;False;мастерклассвязание
BtSvy_4HjdN;"Друзья, как и обещала-стартуем учиться вязать ☺️ Первое видео уже выложила на YouTube 😉
С чего начинать? Ну, конечно же, с инструмента и пряжи: подробно рассказываю, что нам потребуется в процессе - ведь без этого никак нельзя 🙈
Маленький отрывок оставлю в карусели 🎠 , а полное видео найдёте по ссылке в taplink под «шапкой» профиля. Ссылка называется: «Первый рассказ: чем и из чего вяжем :)».
Кликайте, переходите, подписывайтесь, чтобы меня не потерять и ❤️ за мои старания ☺️";1548924778;50;8338673938;False;мастерклассвязание
Btk0LnKnWB5;"Помните же, что научиться вязать может каждый? ☺️ Второе видео уже тоже выложила на YouTube 😉

Что такое к.а.? Это распространённое сокращение, которое обозначает «кольцо амигуруми». А как его вязать? А если не получится? 
Все получится, обязательно получится! Ведь я покажу 2 способа! 👍🏻
Один из них Вам точно понравится 🙂

Маленький отрывок оставлю в карусели 🎠 , а полное видео найдёте по ссылке в taplink под «шапкой» профиля. Ссылка называется: «Как связать кольцо амигуруми (к.а.)». 👌🏻 Кликайте, переходите, подписывайтесь, чтобы меня не потерять и ❤️ за старания ☺️";1549531057;45;8338673938;False;мастерклассвязание
BuI1HH9ncSF;"Помните же, что научиться вязать может каждый? ☺️ Новое видео уже тоже выложила на YouTube 😉

Что такое ПР? 🤔
Это распространённое сокращение, которое обозначает «прибавки» 🙂

А знаете, что существует 3 способа? А как их вязать? А какой способ лучше?
Смотрите мое видео- я все-все расскажу 😉
И у нас все получится, обязательно получится! 👍🏻 Маленький отрывок оставлю в карусели 🎠 , а полное видео найдёте по ссылке в taplink под «шапкой» профиля. Ссылка называется: «Как делать прибавки крючком??». 👌🏻 Кликайте, переходите, подписывайтесь, чтобы меня не потерять и ❤️ за старания ☺️";1550739504;43;8338673938;False;мастерклассвязание
Bu_DIA7HfCU;"Помните же, что научиться вязать может каждый? ☺️
Новое видео уже тоже выложила на YouTube 😉
⠀
Что такое п/ст с/н?
А как из вязать? 🤔
⠀
Смотрите мое видео- я все-все расскажу 😉
И у нас все получится, обязательно получится! 👍🏻
⠀
Маленький отрывок оставлю в карусели 🎠 , а полное видео найдёте по ссылке в taplink под «шапкой» профиля. Ссылка называется: «Как вязать п/ст с/н??». 👌🏻
⠀
Кликайте, переходите, подписывайтесь, чтобы меня не потерять и ❤️ за старания ☺️";1552558790;40;8338673938;False;мастерклассвязание
BubC590n7rR;"Помните же, что научиться вязать может каждый? ☺️ Новое видео уже тоже выложила на YouTube 😉

Что такое УБ? 🤔
Это распространённое сокращение, которое обозначает «убавки» 🙂

А знаете, что существует 2 способа? А как их вязать? А какой способ лучше?
Смотрите мое видео- я все-все расскажу 😉
И у нас все получится, обязательно получится! 👍🏻 Маленький отрывок оставлю в карусели 🎠 , а полное видео найдёте по ссылке в taplink под «шапкой» профиля. Ссылка называется: «Как делать убавки крючком??». 👌🏻 Кликайте, переходите, подписывайтесь, чтобы меня не потерять и ❤️ за старания ☺️";1551350716;43;8338673938;False;мастерклассвязание
Bus9H6gnYmP;"Помните же, что научиться вязать может каждый? ☺️
Новое видео уже тоже выложила на YouTube 😉
⠀
Как вязать поворотными рядами?
Зачем петля подъема? 🤔
⠀
Смотрите мое видео- я все-все расскажу 😉
И у нас все получится, обязательно получится! 👍🏻
⠀
Маленький отрывок оставлю в карусели 🎠 , а полное видео найдёте по ссылке в taplink под «шапкой» профиля. Ссылка называется: «Как вязать поворотными рядами??». 👌🏻
⠀
Кликайте, переходите, подписывайтесь, чтобы меня не потерять и ❤️ за старания ☺️";1551951664;32;8338673938;False;мастерклассвязание
Bv1EVxZJXqE;"Что/почем/где и как?
⠀
Начиная вязать, я серьёзно мониторила рынок - из какой пряжи лучше вязать...
И упустила одну маленькую деталь - стоимость пряжи 🙈
⠀
В итоге, заказала в одном магазине (СПб) пряжу стоимостью 220₽ за моток, а ещё за доставку заплатила 190₽ 🙂
Ничего такая цена получилась, правда?
⠀
Посидела, подумала и решила, что «я так не играю» 😁 ииии стала искать «адекватные магазины» с нормальной ценой...
⠀
И оказалось, что таких в СПб нет 😁
⠀
Чтобы и магазин был хороший (широкий ассортимент и наличие товара), и люди, обрабатывающие заказ, были вменяемыми, и цена приемлемой - нашла в Москве (даже при условии доставки, все-равно дешевле, чем в «моем первом») ☺️
С удовольствием поделюсь им с Вами 👇🏻
@kolobok_klybok
И, владелица магазина, Ксения ооочень приятна в общении - всегда поможет/подскажет ☺️
⠀
А если живете в СПб, у меня есть девочки, которые продают пряжу за 170₽, ассортимент, конечно, не очень большой, но выбор есть - пишите, дам Контакты 😉
⠀
Ровных Вам петелек 🙂
⠀
P.S. А в Taplink (ссылка под шапкой профиля), всегда найдёте мой канал на YouTube с подробными уроками для начинающих 😉
⠀
Подписывайтесь, ставьте ❤️ за мои старания 😘";1554371367;37;8338673938;False;мастерклассвязание
BvQ8mFvJoBE;"Помните же, что научиться вязать может каждый? ☺️
Новое видео уже тоже выложила на YouTube 😉
⠀
Что такое ст с/н?
А как их вязать? 🤔
⠀
Смотрите мое видео- я все-все расскажу 😉
И у нас все получится, обязательно получится! 👍🏻
⠀
Маленький отрывок оставлю в карусели 🎠 , а полное видео найдёте по ссылке в taplink под «шапкой» профиля. Ссылка называется: «Как вязать ст с/н??». 👌🏻
⠀
Кликайте, переходите, подписывайтесь, чтобы меня не потерять и ❤️ за старания ☺️";1553159346;29;8338673938;False;мастерклассвязание
BvQlHPMhqgN;"Плюшевый кот. Высота 26см. Кошечка цельновязанная. Пуговки крепко пришиты. Глазки на безопасном креплении.😍🎁
.

#вязаниедетям #мастерклассвязаниеабакан #мастерклассвязание #вязаниеабакан
#вяжуигрушкикрючком #вязаныеигрушкиназаказ #плюшевыйплед #вяжутнетолькобабушки #детиабакана
#мамаабакана #вязаныеигрушкикрючком #вязаниехобби #вязаныепледы #вязаныйплед #вязаниехобби
#плюшевыеигрушки #вяжуигрушкикрючком #подаркиручнойработы #подаркидетям #вяжудетям #вязаныеигрушки #вязаныеигрушкиназаказ #вязаныеигрушкикрючком #плюшевыймишка #вязаныймишка #детиабакана #мамаабакана #Абакан2019 #игрушкиабакан #подаркиабакан";1553147035;20;12008162708;False;мастерклассвязание
BvQlUNbhWU2;"Плюшевый кот. Высота 25-26 см. Кошечка цельновязанная. Пуговки крепко пришиты, глазки на безопасном креплении😍🎁
Лучший подарок детям, это плюшевые и обнимательные игрушки)))
.
.
 #вязаниедетям #мастерклассвязаниеабакан #мастерклассвязание #вязаниеабакан
#вяжуигрушкикрючком #вязаныеигрушкиназаказ #плюшевыйплед #вяжутнетолькобабушки #детиабакана
#мамаабакана #вязаныеигрушкикрючком #вязаниехобби #вязаныепледы #вязаныйплед #вязаниехобби
#плюшевыеигрушки #вяжуигрушкикрючком #подаркиручнойработы #подаркидетям #вяжудетям #вязаныеигрушки #вязаныеигрушкиназаказ #вязаныеигрушкикрючком #плюшевыймишка #вязаныймишка #детиабакана #мамаабакана #Абакан2019 #игрушкиабакан #подаркиабакан";1553147141;22;12008162708;False;мастерклассвязание
BvQl_NUBoAM;"Плюшевые кошечки ищут свой новый дом.😍 Связаны из плюшевой пряжи, очень мягкие на ощупь. 🎁
Высота 25-26см. 
Цена 750 рублей в наличии🌷

#вязаниедетям #мастерклассвязаниеабакан #мастерклассвязание #вязаниеабакан
#вяжуигрушкикрючком #вязаныеигрушкиназаказ #плюшевыйплед #вяжутнетолькобабушки #детиабакана
#мамаабакана #вязаныеигрушкикрючком #вязаниехобби #вязаныепледы #вязаныйплед #вязаниехобби
#плюшевыеигрушки #вяжуигрушкикрючком #подаркиручнойработы #подаркидетям #вяжудетям #вязаныеигрушки #вязаныеигрушкиназаказ #вязаныеигрушкикрючком #плюшевыймишка #вязаныймишка #детиабакана #мамаабакана #Абакан2019 #игрушкиабакан #подаркиабакан";1553147494;24;12008162708;False;мастерклассвязание
BvimIl5gQn2;"Зефирный плюшевый Михасик!
Мягкий и обнимательный :-)
Ростом 29 см. Цена 750 рублей
.

#плюшевыеигрушки #вяжуигрушки
#детиабакана #подаркиабакан
#подаркиручнойработы
#вяжудетям #игрушкивязаныеназаказ

#вязаниедетям #мастерклассвязаниеабакан #мастерклассвязание #вязаниеабакан
#вяжуигрушкикрючком #вязаныеигрушкиназаказ #плюшевыйплед #вяжутнетолькобабушки #детиабакана
#мамаабакана #вязаныеигрушкикрючком #вязаниехобби #вязаныепледы #вязаныйплед #вязаниехобби
#плюшевыеигрушки #вяжуигрушкикрючком #подаркиручнойработы #подаркидетям #вяжудетям #вязаныеигрушки #вязаныеигрушкиназаказ #вязаныеигрушкикрючком #плюшевыймишка #вязаныймишка #детиабакана #мамаабакана #Абакан2019 #игрушкиабакан #подаркиабакан";1553751550;22;12008162708;False;мастерклассвязание
BvixRUSALD_;"Подарочный наборчик для новорождённого.
Плюшевые пинетки 0-3мес, 10 см, 300 руб
Плюшевая игрушка зайчик 19 см, 350 руб

Цена набора 600рублей ❤❤❤ #вяжудетям #вязаныеигрушки
#подаркиабакан

#вязаниедетям #мастерклассвязаниеабакан #мастерклассвязание #вязаниеабакан
#вяжуигрушкикрючком #вязаныеигрушкиназаказ #плюшевыйплед #вяжутнетолькобабушки #детиабакана
#мамаабакана #вязаныеигрушкикрючком #вязаниехобби #вязаныепледы #вязаныйплед #вязаниехобби
#плюшевыеигрушки #вяжуигрушкикрючком #подаркиручнойработы #подаркидетям #вяжудетям #вязаныеигрушки #вязаныеигрушкиназаказ #вязаныеигрушкикрючком #плюшевыймишка #вязаныймишка #детиабакана #мамаабакана #Абакан2019 #игрушкиабакан #подаркиабакан";1553757389;26;12008162708;False;мастерклассвязание
BvjDteVJcU4;"Помните же, что научиться вязать может каждый? ☺️
Новое видео уже тоже выложила на YouTube 😉
⠀
Что такое ст с 2н?
А как их вязать? 🤔
⠀
Смотрите мое видео- я все-все расскажу 😉
И у нас все получится, обязательно получится! 👍🏻
⠀
Маленький отрывок оставлю в карусели 🎠 , а полное видео найдёте по ссылке в taplink под «шапкой» профиля. Ссылка называется: «Как вязать ст с 2н??». 👌🏻
⠀
Кликайте, переходите, подписывайтесь, чтобы меня не потерять и ❤️ за старания ☺️";1553767057;35;8338673938;False;мастерклассвязание
Bw-IRPejhIy;"💥Подборка схем для вязания шалей и палантинов!⠀
🔻⠀
Листай вправо, чтобы посмотреть схемы👉⠀
➕Еще больше схем по ссылке в сторис⠀
⠀⠀
Вязаная шаль, или палантин, отлично подойдут для прохладной весны! Ажурное полотно сделает любой ваш образ неповторимым и элегантным💃🏻⠀
⠀⠀
❓Из чего вязать шаль/палантин⠀
Лучшим материалом для шалей и палантинов служит тонкая шерсть в сочетании с шелком, тонкий мохер, альпака, Ангора, или даже меринос😍⠀
⠀⠀
Любите шали? Ставьте ❤️ в комментариях, если вам был полезен этот пост, и не забудьте добавить его в закладки😉⠀
⠀⠀
#candy_yarn_мк #вязанашаль #ручноевязание #вязаниеспицами #вязаниекрючком #шальспицами #шаль #описаниевязания #мастерклассвязания #схемавязания #схемадляспиц #схемыдлявязания #схемыкрючком #мастерклассвязание";1556822900;768;3656675793;False;мастерклассвязание
Bw-WlBEgoej;"На ночь глядя... ✨✨✨
Фото: когда уложила сына спать, можно порисовать на ткани выкройки 😊
В последнее время какое то вялое вдохновение. Есть, но вялое. Подскажите, как ""разжечься и раскочегариться"" ? Бывают у вас перерывы? Отдыхаете от любимого хобби? А может просто весенний авитаминоз? 😆";1556830402;93;5889145568;False;мастерклассвязание
Bw04YMZD-sZ;"Снег на майские праздники - это не повод грустить 🤪 а повод сфоткаться на фоне чистого белого снега ;) без шапок, потому что вполне тепло!
👌🏻
⠀
На календаре 28 апреля, так-то 😂
⠀
Погода решила: раз уж, в течение трех дней подряд столько людей собирается и говорит о вязании - надо им подкинуть нормальную вязально-мотивирующую атмосферу! Все верно ;)
⠀
А говорили мы с @katerina.rodimova - её интереснейшие лекции о пряже и о реглане собрали в @eka_nitki самых активных и интересующихся! И вас было так много, это очень здорово!
⠀
Спасибо всем #клубокизвращенцев_екатеринбург за позитив и за прекрасные дни 😘 отдельно @natalia.maksimovskih за обеспечение вкусного чаепития ;) а @donnaoliviaekb за обед и прекрасное уютное помещение!
⠀
#вязальныепосиделки #школавязания #мастерклассекб #мастерклассвязание #мквязание #вязаниеекб #вязаниеекатеринбург #магазинпряжи #реглан #регланспицами #мкреглан";1556512579;203;295704501;False;мастерклассвязание
Bw05EgbnEli;"Добрый день, дорогие рукодельницы!🌸
⠀
Хотите связать стильный жакет и получать  множество комплиментов ?!🎀
⠀
Тогда вам к @voobrazhalkina за новым мастер-классом
⠀
#комплимент_от_воображалкиной
⠀
Для девочек любого возраста!🎀
⠀
Один МК - множество идей для воплощения !🎀
⠀
Посмотрите сами 🔻 #комплимент_от_воображалкиной
⠀
🌺 Мастер-класс пальто включает :
⠀
▶Файл PDF + видео.
💥New🔥🔥точный расчет круглой кокетки!
Без привязки к плотности для любой пряжи !
⠀
Автор МК @voobrazhalkina ответит на все ваши вопросы 🤗";1556512942;596;4362250847;False;мастерклассвязание
Bw1-efthmU1;"Наконец вы связали свое новое изделие и уже так не терпится показать его миру! Можно начать с Инстаграма. Сейчас инстаграм позиционируется, в большинстве своём, как площадка с визуальной составляющей. Поэтому хорошие и интересные фотографии в вашем профиле ценятся намного больше. Да и красивая лента расскажет вашим потенциальным заказчикам о вашем вкусе. 💯

Мы подготовили для вас несколько лайфхаков- как сделать красивое фото своего изделия, не затрачивая на это больших средств и усилий. 👀 🔸Продумываем композицию. Ваше изделие будет на модели или красиво разложено в стиле Flat lay? 🔸Освещение. Наиболее выигрышно смотрится на фото дневной свет. Такой свет лучший, потому что он почти не создает тень, так что снимайте там, где его много . Flat lay фотографию можно снимать на подоконнике или на столе у окна.
🔸В качестве фона можно использовать рулон обоев, красивые ткани, доски для строительства.
🔸В композиции придерживайтесь правила третей.Поделите кадр на три равные части по горизонтали и по вертикали, расположите объекты съемки на пересечении этих линий. Это соответствует наилучшему зрительному восприятию. Таким образом, значимо важный объект съемки следует располагать или вдоль линий или в точках пересечений этих линий. ⚡Совет⚡: когда вы размещаете предметы, старайтесь разгружать композицию сверху, а снизу, наоборот добавьте больше объема. 🔸Когда выбираете предметы для композиции, обратите внимание на то, сочетаются ли они по цветовой гамме. Можно для проверки использовать цветовой круг. Реквизит должен подходить по тематике к главному объекту съемки. 🔸Обязательным правилом для фотографий в стиле Flat lay является то, что снимать нужно четко под углом 90 градусов.
🔸Если вы фотографируете модель, не обязательно делать дежурные фотографии в полный рост. Можно сфотографировать только фрагмент всего образа, дополнив его, например, букетом цветов в руках у модели. 🔸Не увлекайтесь обработкой и наложением фильтров. Конечно, можно настроить яркость и контрастность, но не стоит перебарщивать.
P.S. Хорошие программы для обработки фото: VSCOCam, Color Pop, Prisma, Lightroom CC
Пожалуй, это основные моменты по созданию красивых фотографий. Было полезно?🤗🙏";1556549330;388;4243581788;False;мастерклассвязание
Bw10dgTj9-t;"Люрекс  Италия 🇮🇹
⠀
Листайте карусель ⤴️
⠀
✅Состав: вискоза +па+люрекс.
⠀
✅Метраж :уточняйте в личных сообщениях 👌❤️
⠀
✅Цвет: в ассортименте (фото)
⠀
✅Цена:100гр- 120рублей.
⠀
✳️Вопросы в Директ. Отвечу всем 💕
⠀
✳️Сайт ещё пока в разработке.
⠀
Ждём , любим и вяжем с Olinda ❤️❤️❤️
⠀
#люрекс
#вязатьмодно  #итальянскаяпряжа  #бобиннаяпряжа
#студияпряжи #купитьпряжумосква
#пряжасяком #кашемиршёлк #пряжамосква
#вяжутнетолькобабушки
#пряжаслюрексом #мохер #мохерслюрексом #BabiStore #вязаниемосква
#пряжамеринос #пряжакашемир #пряжатвид #пряжаальпака
#мастерклассвязание";1556544079;146;11544129281;False;мастерклассвязание
Bw1AvL3Dgne;"Дорогие рукодельницы, вы же ждали?🔥
.
У нас новый видео мастер-класс ""СУМКА-АВОСЬКА""👜
.
Будем использовать:
💛 круговые спицы №4, 5, 6, 8
💛 платочную вязку
💛 сетку с накидами
💛 вязание по кругу
.
Вы сможете легко связать авоську - тренд этого лета! Именно эту экологичную сумку стилисты советуют носить везде и под любой наряд👌 
Данный мастер-класс под силу даже новичкам!
.
💳Стоимость - 350 руб.
.
💌По всем вопросам пишите в Директ.
.
#школавяжидлядуши #knitforsoul #knitforsoulru #вяжидлядуши_мк #вязание #вязаниеспицами #стильноевязание #модноевязание #вязатьмодно #школавязания #обучениевязанию #вязаниеонлайн #онлайнкурсы #идеидлявязания #вязанаямода #курсывязания #вязаныеидеи #хоббидлядуши #вяжутнетолькобабушки #вязаниемоехобби #мастеркласс #мастерклассвязание #мастерклассповязанию #мквязание #авоська";1556516961;205;8758368457;False;мастерклассвязание
Bw1CtmmDOD5;"Здравствуйте, мои хорошие!😘
Весна в самом разгаре🌞Скоро нас ждут прекрасные майские праздники!🎇
Поэтому мы с очень крутыми девчонками объединились, чтобы подарить вам подарочки😍
9 спонсоров и 10 абсолютно уникальных подарков🤪

Для участия в розыгрыше нужно выполнить простые условия:
*
🎇поставить лайк этой публикации ( этот лайк будем проверять) , а по желанию хорошенько отлайкайте понравившиеся публикации в моем профиле😁
*
🎇подписаться на всех спонсоров (подписка также проверяется) 🎇написать в комментарии под этим постом, почему хотите именно мой подарок🎁 или как узнали о профиле (это очень интересно и важно😘) *
Количество комментариев не ограничено 😉😀 *
Участвовать можно сразу у нескольких спонсоров, это увеличит ваши шансы на победу!💪 *
3 мая мы все подведем результаты каждая у себя на страничке в прямом эфире и выберем победителей с помощью @lizaonair 😌

Доставка нашего подарка по РФ производится за наш счет🤗 зарубеж - за счёт победителя. *
🚫 В розыгрыше не участвуют страницы, созданные специально для конкурсов, боты. *
‼️Закрытые страницы в день розыгрыша должны быть открыты‼️ *
☝️Обязательно проверьте, все ли условия выполнены! *
🌺🌺🌺Ах, да, уточню!😊Мой подарок 🎁 для вас- авторский ДНЕВНИК РУКОДЕЛЬНИЦЫ- необходимый инструмент в руках творческого человека!🤩 *Начнём?!
Ведь столько красоты вас ждёт!!!😍* Искренне желаю удачи каждой из вас!😘 ***************************************
Итак, победителем стала @valenti_aleks . ✌️😉🌺🏆Поздравляю с выигрышем. 🤗🤩";1556517997;499;5829277603;False;мастерклассвязание
Bw1N7esjhyd;"Шерсть NEW MILL Италия 🇮🇹
⠀
Листайте карусель ⤴️
⠀
✅Состав: 80%шерсть+20%полиамид.
⠀
✅Метраж :750м на 100гр
⠀
✅Цвет:в ассортименте(фото)
⠀
✅Цена:100гр-155рублей.
⠀
✅отмот от100 гр.
⠀
✳️Вопросы в Директ. Отвечу всем 💕
⠀
✳️Сайт ещё пока в разработке.
⠀
Ждём , любим и вяжем с Olinda ❤️❤️❤️
⠀
#вязатьмодно  #итальянскаяпряжа  #бобиннаяпряжа
#студияпряжи #купитьпряжумосква
#пряжасяком #кашемиршёлк #твидоваяпряжа #пряжамосква #пряжахлопок
#вяжутнетолькобабушки #пряжапайетки
#пряжаслюрексом #мохер #мохерслюрексом #BabiStore #вязаниемосква
#пряжамеринос #пряжакашемир #пряжатвид #пряжаальпака
#мастерклассвязание #ангора #";1556523878;194;11544129281;False;мастерклассвязание
Bw1RBAcDK5M;"GiTiBi  Италия 🇮🇹
⠀
✅Состав: 50%альпака+10%меринос+40%акрил.
⠀
✅Метраж :150м на 100гр
⠀
✅Цвет: синий. ⠀
✅Цена:100гр-180рублей.
⠀
✅отмот от100 гр.
⠀
✳️Вопросы в Директ. Отвечу всем 💕
⠀
✳️Сайт ещё пока в разработке.
⠀
Ждём , любим и вяжем с Olinda ❤️❤️❤️
⠀
#вязатьмодно  #итальянскаяпряжа  #бобиннаяпряжа
#студияпряжи #купитьпряжумосква
#пряжасяком #кашемиршёлк #твидоваяпряжа #пряжамосква #пряжахлопок
#вяжутнетолькобабушки #пряжапайетки
#пряжаслюрексом #мохер #мохерслюрексом #BabiStore #вязаниемосква
#пряжамеринос #пряжакашемир #пряжатвид #пряжаальпака
#мастерклассвязание #ангора #";1556525496;173;11544129281;False;мастерклассвязание
Bw1Vl_cjU0B;"Та-дам! Видеомастер-класс по вязанию интерьерной корзины из джута готов!
⠀
Что можно связать по этому мастер-классу?
✔️ Корзину из джута размером 22х7 см... и не только. Поняв принцип вязания, вы уже можете создавать корзины любых размеров!
⠀
Для кого этот мастер-класс?
✔️ ааабсолютно для всех! Сможет связать даже тот, кто крючок в руке никогда не держал. МК очень подробный👌
⠀
Какие материалы будут необходимы?
✔️ крючок номер 7;
✔️ 3 моточка джутовой нити по 100 м;
✔️ 5 м каната диаметром 6 или 8 мм.
_____________________
Цена МК 350 ₽

Для заказа - в директ📩";1556527896;241;7592198387;False;мастерклассвязание
Bw1WmlIjBk1;"Выбираю аватарку!
⠀
Посмотрите, какую красивую аватарку сделала для меня Любаша @lusha_write. Результат превзошел все мои ожидания. Какая она получилась яркая, какая четкая, а какое сочетание цветов! Я просто в восторге! ☺️.
⠀
Любаша, спасибо Вам огромное за чудесную аватарку! За то, что учли все мои желания. Вы сделали мое ""лицо"" в Инстаграм, которым я буду гордиться 😁.
⠀
Остался единственный вопрос. какой вариант выбрать? Нравятся оба. С одной стороны, хочется, чтобы жирафчик был покрупнее, а с другой стороны, вроде и имя не помешало бы 🙂.
Помогите с выбором, напишите, пожалуйста, какой лучше?
⠀
Всем удачи и хорошего настроения! 🙂";1556528425;548;6939858340;False;мастерклассвязание
Bw1by-_DdQG;"Шерсть NEW MILL Италия 🇮🇹
⠀
Листайте карусель ⤴️
⠀
✅Состав: 80%шерсть+20%па
⠀
✅Метраж :750м на 100гр
⠀
✅Цвет:в ассортименте(фото)
⠀
✅Цена:100гр-155рублей.
⠀
✅отмот от100 гр.
⠀
✳️Вопросы в Директ. Отвечу всем 💕
⠀
✳️Сайт ещё пока в разработке.
⠀
Ждём , любим и вяжем с Olinda ❤️❤️❤️
⠀
#вязатьмодно  #итальянскаяпряжа  #бобиннаяпряжа
#студияпряжи #купитьпряжумосква
#пряжасяком #кашемиршёлк #твидоваяпряжа #пряжамосква #пряжахлопок
#вяжутнетолькобабушки #пряжапайетки
#пряжаслюрексом #мохер #мохерслюрексом #BabiStore #вязаниемосква
#пряжамеринос #пряжакашемир #пряжатвид #пряжаальпака
#мастерклассвязание #ангора #";1556531148;177;11544129281;False;мастерклассвязание
Bw1cMUqFXZG;"МК ТОП + МК ЮБКА. Хотите новые обновочки дочке (внучке) к лету? Легко и просто вы свяжете эту красоту по моим видео мастер классам.

МК Топ – 450 руб
МК Юбка – 450 руб
МК Топ + МК Юбка = 800 руб до 1 мая.
.
✅ Получится на любой размер.
✅ Справится даже новичок 👍🏻.
.
Оплата на карту сбера, яндекс деньги, paypal, вебмани.

Для покупки пишите в директ или  в вотсап по ссылке в шапке профиля. Еще не разбираетесь в инстаграме, оставьте в комментах адрес почты, я сама напишу вам 😊. 😘.
.
В карусели красивые комплекты к лету ТОП = ЮБКА по моим МК 🌼🌼🌼. Спасибо, девочки, за фото ❤❤❤.
Авторы отмечены на фото.

Отзывы есть в вечных историях под шапкой @school_crochet.
.
 Ну а просто комменты писать конечно же не надо, вы ведь никогда не пишете под такими постами 🤔 да?";1556531356;1139;2036066391;False;мастерклассвязание
Bw1g-DSDXNl;"Друзья, ВНИМАНИЕ! Не пропустите раздачу подарков!

Мы с мастерицами решили провести для вас розыгрыш крутых призов🙌

Разыграем 10 подарков🎁 ➡️ Все подробности розыгрыша у @Mateus_anastasia

Кто хотел быть Топ-участником like-time?
✔ Быть в центре внимания, ✔ Повысить посещаемость,
✔Увеличить количество подписчиков,
✔ Улучшить статистику,
✔ Подняться в 🔝🔝🔝 поиска,
✔ Найти новых друзей,
✔ И не тратить на это свое время😉

Спешите участвовать в розыгрыше!
 Один из призов - ТОП-УЧАСТИЕ  на ДВА МЕСЯЦА!";1556533860;232;12188804258;False;мастерклассвязание
Bw1hfh9jFwk;"Размеры: S/M/L/XL 
Вам потребуется: 600/650/700/800 г серой (acier) и 50 г белой (albatre) пряжи Bergere de France Berlaine (100% шерсти, 90 м/50 г); спицы № 3.5; крючок №3,5. 
Резинка 2/2: попеременно 2 лиц., 2 изн. 
Лицевая гладь: лиц. р. - лиц. п., изн. р. - изн. п. 
Изнаночная гладь: лиц. р. - изн. п., изн. р. - лиц. п. 
Фантазийный узор (ширина 12 п.): вязать по схеме. 
Повторять с 1 то по 24-й р. 
Коса (ширина 6 п.): вязать по схеме. 
Выполнить 1 раз с 1-го по 6-й р., затем повторять с 3-го по 6-й р. 
Плотность вязания, фантазийный узор и коса: 28 п. и 31 р. = 10 х 10 см. 
Спинка: на спицы серой нитью набрать 128/138/152/164 п. и вязать следующим образом: для размеров S и XL 7 п. фантазийного узора, начиная с 6-й п. схемы. * 6 п. косы, 12 п. фантазийного узора, повторять от 7 п. фантазийного узора; для размера М: * 12 п. фантазийного узора, 6 п. косы, повторять от * 12 п. фантазийного узора; для размера L 1 п. лиц. глади, * 6 п. косы, 12 п. фантазийного узора, повторять от *, 6 п. косы, 1 п. лиц. глади. 
Через 26/27/27/28 см = 82/84/84/88 р. от наборного края закрыть для пройм с обеих сторон в каждом 2-м р. 2 х 3 п., 2 x 2 п., 5 x 1 п./2 х 3 п., 3 x 2 п., 4 x 1 п./2 х 3 п., 4 x 2 п., 5 x 1 п./1 х 4 п., 2 х 3 п., 3 х 2 п., 6 х 1 п. = 98/106/114/120 п. 
Через 18/19/21/22 см от начала проймы закрыть для скосов плеча с обеих сторон в каждом 2-м р. 3 х 6 п., 1 х 7 п./1 х 6 п., 3 х 7 п./2 х 7 п., 2 х 8 п./4 х 8 п. 
Через 20/21/23/24 см от начала проймы закрыть оставшиеся 48/52/54/56 п. 
Левая полочка: на спицы серой нитью набрать 69/74/81/87 п. и вязать, как на спинке, заканчивая для всех размеров 2 п. изн. глади. 
Выполнить пройму с правой стороны, как на спинке. 
Через 12/13/15/16 см от начала проймы закрыть для выреза горловины с левой стороны в каждом 2-м р. 1 х 17/19/20/21 п., 2 х 3 п., 1 x 2 п., 4 х 1 п. 
Выполнить скос плеча с правой стороны, как на спинке. 
Правая полочка: вязать симметрично.";1556534134;2480;4796792842;False;мастерклассвязание
Bw1iaAZDaf8;"Представляем вашему вниманию мастер-класс милого девичьего платья ""Барышня""💃
⠀
Пробежавшись по тэгу #платье_барышня , вы увидите процессы и воплощения мастериц и автора.
⠀
Что включает в себя МК:
⠀
🚩 на основе данного мастер-класса вы сможете связать юбку, сарафан, летнее платье с коротким рукавом-фонариком или тёплое зимнее платье. Также даны рекомендации по моделированию.
⠀
🚩 размерный ряд не ограничен - от 6 месяцев до подросткового возраста.
⠀
🚩 мастер-класс НЕ попетельный! Он включает в себя расчеты, выкройки, текстовые описания, примеры - всё это представлено в максимально доступной форме и изложено обычным человеческим языком. Присутствуют рекомендации по выбору пряжи, а также примеры воплощений.
⠀
🚩 4 схемы аранов центрального кельтского узла, узор каймы на юбке, ромбов и косичек. Все схемы сопровождаются условными обозначениями, текстовым описанием, видео-файлами, которые научат вязать сложные петли, объяснят процесс.
⠀
🚩 в процессе вязания вы освоите:
- болгарский зачин (два вида), - укороченные ряды (на примере плечевых скосов),
- убавки без ступенек (пройма, горловина, откат рукава), - 5 способов обработки края изделия (спицами и крючком), - 3 вида прибавок петель (в процессе вязания аранов), - смену направления вязания и соединение вязания в круг
- оформление пояса изделия - горизонтальные и вертикальные швы для изнаночной глади 
и другие полезные мелочи, которые пригодятся вам в дальнейшей работе.

Всё это и многое другое в фото- и видео-инструкциях. 
Стоимость МК:
600р. или для жителей Украины: 250грн.
.
По вопросам приобретения обращайтесь к автору - @sitalkina_for_kids .";1556534614;966;4796792842;False;мастерклассвязание
Bw1oGHEAdot;"Доброго понедельника! Я к вам с новостями! 
Работаю над мастер-классом на ковёр «Весенний» 🌸 #ak_весенний 
В связи с этим разыскиваю 3 «добровольцев», которые готовы протестировать мастер-класс и получат его первыми бесплатно! 😊👌🏻
1️⃣ Девочка уровня «новичок», но с большим желанием научиться вязать и создать для себя ковёр 
2️⃣ Девочки, имеющие опыт вязания крючком, знакомые с трикотажной пряжей, умеющие вязать ССН, СБН

Я предлагаю мастер-класс в формате фото и видео, ваша задача:
✅ Получив материал и задание от меня, связать часть ковра, выслать мне фото того, что получилось
✅ После провязки каждого этапа нужно рассказать мне, все ли было понятно, задавать вопросы, уточнять моменты
✅По окончании работы оставить фото-отзыв, выложить фото и видео-материалы постом и в сториз
🧶 Про материал! Выбираете оттенки пряжи, вязать будем все из одинаковой пряжи, одного производителя (это строгое правило), помогу купить пряжу дешевле рыночной цены

Напишите мне в личку, если заинтересовало! 😊";1556537596;379;4937795904;False;мастерклассвязание
Bw1pxAtjeuF;"Возьму несколько заказов на треугольную сумку. Срок изготовления 5-7 дней.
Большая цветовая палитра.
Стоимость 60byn/1900₽
.
Для тех, кто вяжет есть подробный мастер-класс, справится даже новичок, проверено)
Стоимость 12byn/400₽
<Пиши в Директ>";1556538472;648;805312059;False;мастерклассвязание
Bw1rDfDBJLF;"Только два рабочих дня и выходные!! Какая радость!😁🤗 Отдыхать, отдыхать и еще раз отдыхать со всей силы! Как хорошо, что наши участницы марафона связали на прошлой неделе тапочки для дома. В таких тапочках отдыхать будет в разы комфортнее.☀😴😏 А мы спешим сообщить и обрадовать вестью, что наш марафон подходит к концу. Осталось всего каких-то два дня. Но очень важных два дня! Мы начинаем экспресс курс успешного фотоконтента!

Мы расскажем вам, как снимать самые крутые фото! И шансы на победу возрастут! Так что, девочки-участницы, постарайтесь выложиться по полной!

Посмотреть работы из марафона можно пройдя по хештегу #огненная_весна_myfergyschool🔥

А сегодня мы представляем подборку вязанных изделий из раздела “Обувь” от наших мастериц:
@pryazha_v_groznom
@dysia_gagarina
@olly_knit
@minilife_alexis
@arina_lyovochkina
@knitted_alisa
@nastyaleychinskaya
@v.v._store
@knitwear_by_olga
@shapka_varegka";1556539148;196;4243581788;False;мастерклассвязание
Bw1ybxLD_W-;"Люрекс  Indusstria Italiana Filati Италия 🇮🇹
⠀
✅Состав: вискоза +люрекс.
⠀
✅Метраж :3500м на 100 гр.
⠀
✅Цвет: в ассортименте (фото)
⠀
✅Цена:100гр- 120рублей.
⠀
✳️Вопросы в Директ. Отвечу всем 💕
⠀
✳️Сайт ещё пока в разработке.
⠀
Ждём , любим и вяжем с Olinda ❤️❤️❤️
⠀
#люрекс
#вязатьмодно  #итальянскаяпряжа  #бобиннаяпряжа
#студияпряжи #купитьпряжумосква
#пряжасяком #кашемиршёлк #пряжамосква
#вяжутнетолькобабушки
#пряжаслюрексом #мохер #мохерслюрексом #BabiStore #вязаниемосква
#пряжамеринос #пряжакашемир #пряжатвид #пряжаальпака
#мастерклассвязание";1556543017;190;11544129281;False;мастерклассвязание
Bw1zam0DJxH;"Люрекс  Indusstria Italiana Filati Италия 🇮🇹
⠀
Листайте карусель ⤴️
⠀
✅Состав: вискоза +люрекс.
⠀
✅Метраж :2300м на 100 гр.
⠀
✅Цвет: в ассортименте (фото)
⠀
✅Цена:100гр- 120рублей.
⠀
✳️Вопросы в Директ. Отвечу всем 💕
⠀
✳️Сайт ещё пока в разработке.
⠀
Ждём , любим и вяжем с Olinda ❤️❤️❤️
⠀
#люрекс
#вязатьмодно  #итальянскаяпряжа  #бобиннаяпряжа
#студияпряжи #купитьпряжумосква
#пряжасяком #кашемиршёлк #пряжамосква
#вяжутнетолькобабушки
#пряжаслюрексом #мохер #мохерслюрексом #BabiStore #вязаниемосква
#пряжамеринос #пряжакашемир #пряжатвид #пряжаальпака
#мастерклассвязание";1556543531;113;11544129281;False;мастерклассвязание
Bw2EJSYAZK9;"Мастер-класс от @la.na.knit.

Разноцветные шишечки на шапочку или свитер можно связать отдельно и потом прикрепить к вязаному изделию.

Добавляйте в закладки.🚩
.
Легкого вязания! И не забывайте ставить лайки - вам не сложно, а мне приятно!😉
#moykruchok_видеомк";1556552379;544;4437745421;True;мастерклассвязание
Bw2FMJ4DCXK;"А это фото с первого МК в нашем клубе вязания. Который прошёл и душевно, и продуктивно.👏
Все ученицы оказались очень талантливыми, схватывали всё на полуслове, успели разобрать и теорию и практику. Спасибо, мне понравилось делиться с Вами своими знаниями! 😊
---------------------------------------------------------------
✅Следующие мастер-классы по теме ""реглан с ростком круглый вырез, V-образный вырез"" - 4 мая с 11.00 до 15.00 и 11 мая с 15.00 до 19.00.
🔶Группы 4-5 человек.
----------------------------------------------------------------
✅Также 11 мая состоится ещё один МК по теме ""подрез в реглане, ложная кеттлевка"" с 10.00 до 14.00
🔶Группа до 5 человек, осталось 2 места.
-------------------------------------------------------------
#knitted_sea_ #урокивязания #мастерклассповязанию #мквязание #мкреглан #реглансростком #реглан #клубвязанияknittedsea #клубвязания #школавязания #школавязаниямосква #мастерклассвязание #мквязаниеспицами #учувязать #уроквязания #вяжемспицами #регланы #регланспицами #вязание #вязатьмодно #вяжидлядуши #реглансверхуспицами #магазинпряжимосква  #научимвязать #вязаниемск";1556552850;123;5016779838;False;мастерклассвязание
Bw2ZOfyDQda;"👏👏👏Сегодня закончила работу над прелестной Лошадкой🐎 .
.

Праздники немного отдалили этот волшебный момент, когда ты собираешь все воедино и понимаешь, что все получилось как нельзя лучше!😊 тем не менее, она готова и я счастлива😍😊
.
Кстати, эта Лошадка - яркий пример того, что даже очень простая в исполнении игрушка может выглядеть великолепно👌
.
Если кто-то совсем еще новичек в этом деле - это отличная игрушка, чтобы убедиться в своих силах и удивить своим талантом себя и родных👍
.
Заинтересовались?) Пишите в комменты и я подготовлю МК для вас. А один из желающих - получит его бесплатно😏
.
#momigurum_i 
#вязаниекрючком";1556563355;32;10492466651;False;мастерклассвязание
Bw35O5VjA8a;"✨ Для моего нового проекта нужны листья свёклы. В интернете я не нашла  подходящих,  поэтому придумала сама. Делюсь с вами описанием. 📌Сохраняйте в закладки. 
Условные обозначения: 
в.п. - воздушная петля; 
сс - соединительный столбик; 
сбн - столбик без накида; 
псн - полустолбик с накидом; 
ссн - столбик с одним накидом; 
сс2н - столбик с двумя накидами 
Начинаем вязать бордовой пряжей. Набираем 22 возд.петли. 
Со 2-й петли провязываем 21 сбн. 
Меняем пряжу на зеленую. 
6 сс, 2 сбн, 3 псн, 3 ссн, 5 сс2н, 5 сс2н в одну петлю. Вяжем по другой стороне цепочки - 5 сс2н, 3 ссн, 3псн, 2 сбн, 6 сс. 
Наш листок для свеклы готов.";1556613690;106;3254459512;False;мастерклассвязание
Bw3nThpjGbG;"Мои дорогие девочки, приглашаю всех желающих на живой мастер-класс по вязанию корзинки ☺️
.
Для кого мастер-класс?
Мк идеально подходит для новичков 🌷
Кто никогда не держал в руках крючок и для тех кто только только делает свои первые петельки и нужна поддержка 😉
.
Когда?
Мастер-класс состоится 1 июня (суббота) с 10:00 до 14:00.
.
Где?
Уютная светлая студия на станции метро Электрозаводская.
.
Оплата:
Стоимость мастер-класса составляет 900₽
.
Мк включает в себя:
- пряжу
- крючки
- чай
- связанную вами эксклюзивную корзинку (а может и не одну)
- моё внимание и помощь, после которых вы сможете связать корзинку дома самостоятельно 🌷
- на нашем мастер-классе будет профессиональный фотограф 🤩
- ну и конечно позитивные эмоции, новый бесценный опыт и приятное общение ☺️
.
Буду рада видеть Вас на моём мастер-классе 🌷

#корзинкиизтрикотажнойпряжи #крючкивналичии #крючкидлявязания #трикотажнаяпряжамосква #вяжуизbiskvit #трикотажнаяпряжавналичии #мастерклассвязание";1556604291;176;11393982249;False;мастерклассвязание
Bw3po7fjdb1;"⭐Новый мастер-класс по специальной цене⭐
-
Если вы давно хотели научиться вязать погремушку, но откладывали покупку МК на потом, то сегодня момент настал.
Потому что цена на мой новый мастер-класс по вязанию погремушки ""Мишка"" сегодня и завтра всего 9️⃣9️⃣рублей!
-
Приобрести его можно по ссылке в шапке профиля во вкладке ""купить мастер-класс"".
-
Торопитесь, потому что через два дня цена вырастет и станет 250 рублей.
-
По-моему, выгода очевидна!";1556605515;173;3080996921;False;мастерклассвязание
Bw3uFsbjR6S;"Я считаю, что на майские праздники просто необходимо сделать праздничную скидку на мастер-класс этого великолепного платья в  технике филейного вязания! .
Название платью я ещё не придумала, хотя одна из рукодельниц предложила назвать его ""Розовый сад"", и она права, весь узор на платье, это розы!🌹🌹🌹
.
Платье размера оверсайз, подойдёт как на 48 размер, так и на 42, если носить его под пояс!
.
В мастер классе формата PDF подробно расписана вся технология вязания платья, даны все схемы и по-этапное описание процесса вязания на 27 стр.! Цена МК 1500₽ - 50% 🔥= 750₽ .
Акция 🔥действует только до 12.05.19

______________________
#мкфилейка #мкплатьекрючком #вязаноеплатье #мккрючок #мквязаноеплатье #мастерклассвязание #платьекрючком #филе #филейка #филейноевязание";1556607847;219;5540750763;False;мастерклассвязание
Bw3y_umBERx;"Выходные приближаются. Крадутся.  Вы подготовились? Запланировали себе кучу дел, которые раньше откладывали и до которых руки не доходили?😋 Ну вот, пришло время исполнять задуманное.😉 Проверяйте свои карты желаний, закладки в телефоне, нет ли там наших уроков? Конечно есть.😅 Мы так и знали.😏 И собственно, специально для праздничного настроения у нас скидка -50% на все уроки по промокоду MAY⚡

Скидка действует до 10 мая.  Урок после оплаты будет  сразу доступен у вас в личном кабинете. 
Какое изделие собираетесь вязать?🙂";1556610420;122;4243581788;False;мастерклассвязание
Bw4A7MCjWXs;"БЕСПЛАТНОЕ ОПИСАНИЕ. ПЛАТОЧНЫЙ БАКТУС от автора @dobydogknitting 
Для вязания нам понадобиться 7-8 мотков мериносовой шерсти, метраж может быть любой, 90/100/110/125м на 50гр. Так же можно вязать в 2 нити, метраж 125м.

Спицы от 3мм-5мм,зависит от Вашей плотности, выбранной пряжи и желаемого результата. 
Начнем 😌
Набираем на одну спицу 3 петли, любым удобным Вам способом. 
Прибавки через 3 ряда, в каждом 4 ряда. И только в начале и конце, прибавки/убавки будут через 2 ряда. 
1ряд.  Первую петлю снимаем,не провязывая, вторую провязываем лицевой, последнюю (третью) провязываем изнаночной. 
2ряд. 1п. Снимаем не провязывая; 1п.лиц; 1п.изн;
3ряд. 1п.снимаем не провязывая; 1п.лиц; делаем накид ( накидываем нить по направлению от себя); 1п.изн;  Таким образом,мы будем делать все прибавки. 
4ряд. 1п.снимаем; накид провязываем лицевой петлей, за заднюю стенку; 1п.лиц; 1п.изн;
5ряд. 1п.снимаем; 2п.лиц; 1п.изн;
6ряд. 1п.снимаем; 2п.лиц; 1п.изн;
7ряд. 1п.снимаем; 2п.лиц; делаем накид; 1п.изн;
8ряд. 1п.снимаем;  накид провязываем за заднюю стенку; 2п.лиц; 1п.изн;
9,10 ряд. Вяжем по рисунку, как 5,6ряд
В 11ряду снова делаем накид и т.д

Продолжаем вязать, делая прибавки в каждом 4 ряду до конца 4 мотка. Примерная ширина бактуса, в самой широкой точке  35-40см, все зависит от вашей плотности вязания.
УБАВКИ делаем в каждом 4 ряду.
Количество петель может быть у всех разным, поэтому для примера возьмём 50п.
На спицах 50п.
1ряд с убавками. 1п.снимаем не провязывая; 47п.лиц; 2п.лиц провязываем вместе с наклоном вправо; 1п.изн;
Следующие 3 ряда вяжем без убавок. 
Продолжаем делать убавления, пока на спицах останется 3п.
После последнего убавления провязываем ещё 1ряд. и закрываем изделие. 
Прячем хвостики и отправляем в стирку!";1556617723;2526;4796792842;False;мастерклассвязание
Bw4BAvUjRrc;"🐣 @knitty_kids - это марафон, которому нет аналогов! Марафон, который приурочен ко Дню защиты детей 👨‍👩‍👧‍👦 Марафон, в котором абсолютно уникальные условия 🤗
.
🦊 Мы предлагаем тебе связать 2 летние детские вещички НА СВОЙ ВКУС!
.
🦄 Не ограничиваем тебя конкретными моделями (можешь вязать что угодно, но это должна быть детская летняя одежда - не головной убор, не аксессуар, не игрушка)
.
🐰 А ещё не заставляем делать репосты (хотя, скорее всего, ты сама захочешь репостнуть нашу афишу 😋)
.
🐹 У нас будет всего 2 этапа, которые супер-демократично разделены между собой цветовой гаммой
.
🐼 И, наконец, мы предлагаем наиболее объективное присуждение призов (но об этом уже на страничке марафона 😌)
.
🦁 Все подробности, правила участия, информацию о подарках можно узнать тут 👉 @knitty_kids";1556617768;197;4796792842;False;мастерклассвязание
Bw4BffsD9kT;"Чудесная корона для маленькой принцессы.👑
Автор: @globis_knit.
Вяжется она очень просто и быстро.👌 Схему узора листайте в карусели.👆
Я вязала пряжей Дропс беби мерино (175 м в 50 гр) в 2 нити.
Спицы 3,5.
Можно любую другую пряжу кроме хлопка.
В зависимости от размера повязки набираем количество петель кратное 10.

Я  на обхват головы 45-47 см набираю 
80 +1 петель.
На обхват головы 50-52 см. набираю 90 +1  петель.
Соединить вязание в круг, и повесить маркер.
✔️1 ряд вязать все петли изнаночные.
✔️2,3,4,5,6,7,8,9 ряды вязать  по схеме. (листайте карусель).
Я вяжу только 3 и 4 ряд по схеме. Повторяю их 4 раза.
✔️10 ряд.  Ряд убавок.
*6 лицевых, 2 вместе лицевой с наклоном вправо, 2 лицевые* - повторяем столько раз, сколько у вас рапортов.
То есть в каждом рапорте (10 петель) убрали 1 петлю.
✔️11-22ряды лицевая гладь. (12 рядов)

В зависимости от размера повязки высота разная. От 10 до 15 рядов.
✔️23 ряд. Изнаночные петли.
✔️24 ряд. Лицевые петли. ✔️25 ряд. Изнаночные петли.
Петли закрыть.

Постирать и с удовольствием носить.👑😍
Надеюсь все понятно. 👌
Сохраняйте в закладки, чтобы не потерять.🚩🤗";1556618020;1278;4796792842;False;мастерклассвязание
Bw4BjuOBoBI;"Говорят, с новыми технологиями, некоторые профессии скоро канут в лету…

Рабочих заменят роботы и цифровой интеллект. Предполагают, что исчезнут такие профессии как турагенты, почтальоны, автомойщики и даже работники ГАИ. А мы бы добавили еще и веб дизайнеров. Ведь с приложениями, которые сейчас существуют, не обязательно быть дизайнером от Бога! 
Шаблоны уже так прекрасно укомплектованы, что нам остается всего лишь заменить фотографию на свою, поменять текст, и вуаля! готова новая картинка для инстаграма.
Да, мы живем в век интернета и соцсетей, где подавляющая часть контента- это визуал, и он должен выделяться, быть интересным! А главное, нужно чтобы программы, которые мы используем, были понятными и наиболее креативными.

Например, Canva, StoryArt, hypeType. Эти программы просто поражают своими возможностями! И еще, несомненный плюс- в них можно разобраться интуитивно.

Хотим передать привет компаниям @Canva, @storyart.official и попросить хоть какой-никакой гонорар, за то, что мы их тут расхваливаем. Но не в деньгах счастье, а в красивом визуале аккаунтов. Девочки, мы не просто так рассказываем вам об этих программах, мы хотим, чтобы ваши профили были стильными и красивыми.

Тем более, для участниц нашего марафона это будет вдвойне полезным! Ведь победитель будет выбираться жюри именно по визуальной составляющей.

Сегодня поподробнее расскажем, как будет выбираться победитель! Следите за новостями. 
А какими дизайнерскими программами пользуетесь вы?";1556618055;158;4243581788;False;мастерклассвязание
Bw4Eb7qDJwo;"Урааа! Готов новый видео мастер-класс по джутовой сумке🌾

Хотите самостоятельно связать эту красотку за один день? Тогда этот пост для вас!
⠀
Из мастер-класса Вы узнаете:
•как связать половинки сумки, чтобы они держали форму
•как сделать идеально ровные круги
•какой лучше джут использовать для вязания
•как сделать узор ""Улитка""
•как аккуратно пришить боковинку
•какой джут нужен для вязания и где его найти

После этого МК вы сможете связать не только кросс-боди, но и большую пляжную сумку🌊

Мастер-класс подходит новичкам🙌

Стоимость 700 руб. ⠀
Пишите в комментариях или Директ: ""Хочу МК"" и я расскажу вам, как это сделать😉

#джутоваясумка #сумкаизджута #круглаясумка #мастерклассвязание";1556619638;160;2922676299;True;мастерклассвязание
Bw4HvYuH9BL;"Плагиат или не плагиат? продолжение...⠀
⠀
Помните этот пост про то, как меня обвинили в плагиате?😏 А я рассказывала, как себя защитила...😉 Если кто-то забыл или не в курсе, пост есть ниже 👇(не знаю как сюда вставить кликабельную ссылку) 😔⠀
⠀
Так вот, я много чего получила в ответ на этот пост .. 😏 И были слова благодарности 😊 И были слова восхищения 😊 Огромное спасибо вам за это 💝💝💝⠀
Были слова слегка негативные (видимо это были фанаты той рукодельницы) 😒⠀
⠀
А были ещё такие - ""а зачем вы так? Ваши итак с вами будут"", 😕""зачем тратить на это время, можно было ещё один МК написать"",😕 ""людям все равно на это, а вы просто время потеряли"" .... 😕⠀
⠀
Ну так вот, я на это время тратила прежде всего для себя! 😏 Я защищала свое имя! И когда Меня называют воровкой (плагиат - это воровство), я просто не могу промолчать! 😤⠀
⠀
Я ценю каждое мнение, каждую критику! Для меня важны слова поддержки и восхищения!😉 Я на всем этом расту, знаю куда двигаться! 😊 Получаю заряд энергии! Спасибо большое вам всем! 😍⠀
⠀";1556621296;157;4061669889;False;мастерклассвязание
Bw4K0kjBQGk;"Очень красивая коса получается и в тоже время достаточно просто вяжется. Чуть позже скину описания по рядам и схему😻❤️ ⠀ ⠀ ⠀ ⠀ ⠀ ⠀ ⠀ ⠀ ⠀ ⠀ ⠀ ⠀ ⠀ ⠀ ⠀ ⠀ ⠀ ⠀ ⠀ ⠀ ⠀ ⠀ ⠀ ⠀ ⠀ ⠀ ⠀ ⠀
#модноевязание #вяжунетужу #вяжу #вяжутнетолькобабушки #вяжутнетолькобабушкиноимамочки #вязаниеспицами #вязаниеновосибирск #вяжуназаказ #handmade #новосибирск #новосибирскаяобласть #вязаный #ручнаяработа #ручнаяработаназаказ #ручнаяработановосибирск #вязанный #вязаныевещиназаказ #вязаныевещи #учимсявязатьспицами #учусьвязатьспицами #рукоделие #нескучно #люблювязать #люблювязать💙 #люблювязатьспицами #описания #мк #мастерклассвязание #мквязание #описаниевязания";1556622912;18;12727168161;False;мастерклассвязание
Bw4MAIuAc7c;"Урааа! Готов новый видео мастер-класс по джутовой сумке🌾

Хотите самостоятельно связать эту красотку за один день? Тогда этот пост для вас! 
Из мастер-класса Вы узнаете:
•как связать половинки сумки, чтобы они держали форму
•как сделать идеально ровные круги
•какой лучше джут использовать для вязания
•как сделать узор ""Улитка""
•как аккуратно пришить боковинку
•какой джут нужен для вязания и где его найти

После этого МК вы сможете связать не только кросс-боди, но и большую пляжную сумку🌊

Мастер-класс подходит новичкам🙌

Стоимость 700 руб

Пишите в комментариях или Директ: ""Хочу МК"" и мы расскажем вам, как это сделать😉

#джутоваясумка #сумкаизджута #круглаясумка #мастерклассвязание";1556623602;238;1399272104;True;мастерклассвязание
Bw4Qw_EDbUg;"Всем привет!
⠀
Уже завтра стартует Марафон "" ОДЕНЬ СВОЮ ИГРУШКУ "" и......если честно, то я в шоке 😲
⠀
Я не ожидала, что моя затея организовать марафон по вязанию одежды для игрушек, примет такой масштаб.
⠀
И мне немного страшно 🙈
⠀
Идея данного марафона зародилась во мне очень давно. Мне хотелось понять как связать свитер на мишку. Но я находила лишь описания одежды под конкретные игрушки.
⠀
Потом я плюнула и начала изучение реглана. ....потом началась эпопея со штанами. Как связать штанишки спицами и.....вот тут было полное фиаско. ....😱
⠀
Но не будем о грустном, штаны спицами не получились, ну ок.....будем вязать крючком. А как связать такие штаны????? Эм....эм...эм....но вроде разобралась 😂
⠀
Что то находила в мастер-классах,  что-то создавала методом проб и ошибок.
⠀
Потом пошли шапки.....Как же так....просто шапка для медведя не подходит???? 😣 Что такое макушка? Как все это считать??? Надо делать отверстия под уши. Как????
⠀
Но и с этим я разобралась.
⠀
Все эти поиски, перевязы давались мне тяжело, поэтому я поняла, что все.....надо брать ноги в руки, и делать марафон.
⠀
А дальше.....а дальше вы и сами можете оценить в профиле @marafon_oden_igrushky_";1556626028;107;7246929713;False;мастерклассвязание
Bw4YphEBMyR;"В жизни так бывает…😔⠀
⠀
Дорогие наши участницы! Подходит к концу наш марафон #огненная_весна_myfergyschool⠀
 и скоро мы подведем итоги. Но, в связи с тем, что не были выполнены условия марафона (не набралось 50 участников😐), вместо денежного приза мы подарим уроки победителю. Нам очень тяжело выбрать победителя, поэтому мы устраиваем голосование среди участников и наших подписчиков. ⠀
⠀
Участникам марафона надо сделать итоговое фото для голосования. Мы рассказали вам как сделать красивые фото ваших изделий и о программах, которые будут прекрасными помощниками в создании фотографии, которая может побороться за приз-  2 урока на выбор из нашей школы.⠀
⠀
Голосование будет в Инстаграм, нужно выложить итоговое фото с хештегом #огненная_весна_myfergyschool_финал до 4 мая.⠀
Победит сильнейший! Дерзайте!✨⚡🔥";1556630161;105;4243581788;False;мастерклассвязание
Bw4aTp6nWg1;"СПЕШУ СООБЩИТЬ о том, что мастер-класс ""МИШКА-ОГОРОДНИК"" готов и его уже можно приобрести!!!
_____________________________________________
🐻 Формат pdf 48 страниц подробного опасания
🐻 Более 100 фотографий процесса
🐻 Более 15 видеоуроков
🐻 Связан из YarnArt Velour, аксессуары из YarnArt Jeans
🐻 Рост 21-23 см
🐻 В комплекте мастер-класс мишки, комбинезона, панамы, лейки и клумбы
_____________________________________________
Сразу после оплаты скину ссылку для скачивания в Директ, для желающих скину файл формате pdf на электронную почту👌
_____________________________________________
Стоимость мастер-класса 350 рублей
___________________________________________
📲 Чтобы приобрести мастер-класс пишите мне в Директ

Вяжу с @mania_hobby #вяжу_с_мания_хобби";1556631030;328;6066513348;False;мастерклассвязание
Bw4r4-8DPQa;"ЧИТАЙ👇СМОТРИ☝️⠀
⠀
Существует 2 варианта столбиков без накида, используемых при вязании игрушек. Их отличие заключается в способах захвата нити🤓⠀
⠀
Способ 1️⃣⠀
Столбики без накида в виде крестиков ❌⠀
⠀
В данном варианте мы в начале захватываем нить СВЕРХУ, а при провязывании 2 образовавшихся на крючке петель можем подхватить рабочую нить как сверху, так и снизу.⠀
⠀
По моим наблюдениям, если оба раза подхватывать нить сверху, вязание получается более плотным. В изделии будет меньше дырок, что очень важно при вязании игрушек.⠀
⠀
Способ 2️⃣⠀
Столбики без накида в виде галочек ✅⠀
⠀
Здесь мы сначала захватываем нить СНИЗУ. Большинство рукодельниц при провязывании 2 образовавшихся на крючке петель подхватывают рабочую нить также снизу! Это классический способ вязания столбиков без накида.⠀
⠀
В данном варианте также при провязывании 2 петель на крючке можно подхватить нить сверху, таким образом вязание будет плотнее, дырочек будет меньше.⠀
⠀
В чем разница между вязанием крестиками и галочками?⠀
⠀
1️⃣ Вязание крестиками более плотное и жёсткое.⠀
2️⃣ Крестики более объёмны и рельефны.⠀
3️⃣ Изделия, связанные галочками, больше в размерах.⠀
4️⃣ Полотно из галочек более мягкое и гладкое.⠀
5️⃣ В изделиях, связанных крестиками, будет гораздо меньше дырочек.⠀
⠀
Поэтому игрушку я рекомендую вязать крестиками, а одежду и аксессуары для них - галочками.⠀
⠀
Каким способом пользуетесь вы при вязании столбиков без накида? Умеете вязать двумя способами? Как вы захватываете нить при провязывании 2 петель на крючке?⠀";1556640249;178;9729337480;False;мастерклассвязание
Bw68M-lnCGS;"Добрый день!!! В наличии аксессуары для рукоделия:

1. Счётчики рядов - 70 рублей 
2. Ножнички - 200 рублей 
3. Набор: пластиковые спицы для вязания кос - 3шт и 4 шт (два вида), иголки 2 вида по 3 шт, маркеры 3 вида - 40 шт. Стоимость набора 70 рублей
4. Бирки деревянные овальные handmade - набор 5 шт/15рублей
5. Пуговицы деревянные мишки, цветочки, сердечки - набор 5 шт/15рублей
6. Пуговицы деревянные круглые - набор 5 шт/15рублей
7. Зажимы - набор 6шт/30рублей
8. Бирки - набор 5 шт/60рублей
9. Набор крючков, размеры: 2.0 2.5 3.0 3.5 4.0 4.5 5.0 5.5 6.0 - 300 рублей

Для заказа пишите в комментариях или в директ

#вязаниеспицами #вяжутнетолькобабушки #мквязание #мастерклассыповязанию #мастерклассвязание #урокивязания";1556715910;328;1596699;False;мастерклассвязание
Bw68ScnnWwf;"Доброго всем дня☺
.
Лето уже близко и мы ждем его с нетерпением и особым трепетом😍
.
А я хочу Вам предложить принарядить своих принцесс в чудесные сарафанчики, которые вы сможете связать по МК ""Маленькое чудо"" от @nastasiay.ch_knit
.
Идеи для воплощения можно посмотреть по #маленькое_чудо_финал
.
МК в формате pdf с подробным пошаговым описанием, с фото и видео сопровождением.
.
За дополнительной информацией обращаться к автору @nastasiay.ch_knit";1556715955;1583;4362250847;False;мастерклассвязание
Bw6HDkMnLVl;"Только не говорити, что вы не успели подписаться на 22 бесплатных мастер класса.
Ковры, купальники, шапки, свитер. Все этой найдёте в группе @project.n22 
Сегодня вход в группу стоит уже 100 руб. Завтра будет 150 и т.д.
Спешите.
Кстати кто уже подписан, ждите сегодня первый мастер класс.
Кто с нами ?)
___________________
- Вязаный ковер
- Диаметр 150 см
- Цена 9800
- Доставка по РФ. Почтой или ТК
- Заказ: Директ,Viber или WA 89191889888
- ставьте в комментариях ХОЧУ и мы свяжемся с Вами  #сделайсам #вяжутнетолькобабушки #мквязаниеспицами #учувязать  #мквязание #явяжу #люблювязать  #вяжемвместе #вяжукрючком #мквидео #видеовязание #дизайндома #вязаныйковер #круглыйковер #ковервдетскую #трикотажнаяпряжа  #вязаныйпуф #декор #самсебедизайнер  #дизайнквартиры #милоилегко #мастерклассвязание  #ковер  #трикотажнаяпряжа #хлопковыйшнур #тпряжа #мастерклассвязание #сделайсама #скандинавскийстиль";1556688046;2497;716863446;False;мастерклассвязание
Bw6M2ZOjbiZ;"С первым днём последнего месяца весны!) С 1мая)
Сумочка для прекрасной @annakami11 ⠀
Заказать можно в любом цвете.
Стоимость 25$.
🖤Размеры в не растянутом виде: 30см глубина (без ручек), 27см ширина.
⠀
Умеешь вязать? Есть видео мастер-класс по этой торбе.
12byn/400₽
Все материалы можно купить у @fomka_knit.by ⠀
Для заказа готовой торбы или МК пиши в Директ.";1556691084;1416;805312059;False;мастерклассвязание
Bw6_kr_BfyV;"Ни в одной стране нет таких длинных выходных, как в нашей! 💥✨Ну, просто потому, что мы заслужили этот отдых!😎 Он у нас уже на подкорке.. Как только наступает май, сразу  выделяется слюна только от одного звукосочетания шаш-лык, кос-тер, ман-гал, са-ла-тик.🤗🌷☀ У нашей команды слюна не выделяется, но руки чешутся от слов вя-зать сколь-ко хо-чешь и  чувствуем мы сладостное предвкушения этого момента.🔥 Да, мы фанатики. 😁А вы? От чего больше у вас ёкает сердечко? 💓
Чем займетесь на этих длинных выходных?🌿";1556717678;170;4243581788;False;мастерклассвязание
Bw6cp-RDz__;"Так здорово, что оказалось много желающих связать корзину своими руками!
⠀
Как я радуюсь, когда мне присылают фото своих работ😍 А уж если человек никогда ничего не вязал, кроме бантиков на шнурках, и пишет, что у него всё получилось, потому что МК очень подробный и понятный - тут я вообще прыгаю как газель😁 Значит, всё не зря!
⠀
Итаак, у вас есть прекрасная возможность заняться творчеством на майские праздники и создать красивую и практичную вещь для дома! А, может быть, вы хотели сделать подарок своими руками? Тогда вперёд! ⠀
У меня Вы можете приобрести мастер-класс по вязанию корзины из джута!

Стоимость мастер-класса 350 руб.
Подробности в предыдущем посте👉
⠀
Всем салют и чудесных майских выходных🙌🎉";1556699371;259;7592198387;False;мастерклассвязание
Bw6i35lDSps;"Мой муж вяжет?! 😱
.
Ага! Попались? Это была шутка! 😉 Хоть я была бы не против, чтоб он умел вязать... 🤔
.
На самом деле мой муж Миша мастер на все руки 🛠Смотрите в карусельке то, что он делает. Он умеет вырезать из дерева 🔪🌳, рисует очень хорошо 🎨, делает мебель 🛋. А вообще он занимается изготовлением декоративного камня из гипса.
.
Несмотря на свою художественную натуру, он очень хороший белый и пушистый, и такой мужик-мужик! 💪 Мы вместе почти 5 лет и за это время мы ни разу не поругались!
.
❓А чем занимаются ваши мужья? Напишите в комментариях 👇👇👇";1556702631;115;10185987195;False;мастерклассвязание
Bw6n_vgjsXp;"Tropical Lane  IL PUNTO FORTE  Италия 🇮🇹
⠀
✅Состав: 100% MERINOS EXTRAFINE
BABY IRRESTRINGIBILE
⠀
✅ Рекомендуемые спицы:3-4.
⠀
✅Метраж :50гр-135м.
⠀
✅Цена:50гр- 380руб.
⠀
✅цвета в ассортименте(фото)
⠀
✳️Вопросы в Директ. Отвечу всем 💕
⠀
✳️Сайт ещё пока в разработке.
⠀
Ждём , любим и вяжем с Olinda ❤️❤️❤️
#мериносolinda ⠀

#вязатьмодно  #итальянскаяпряжа  #бобиннаяпряжа
#студияпряжи #купитьпряжумосква
#пряжасяком #кашемиршёлк #твидоваяпряжа #пряжамосква #пряжахлопок
#вяжутнетолькобабушки #пряжапайетки
#пряжаслюрексом #мохер #мохерслюрексом #BabiStore #вязаниемосква
#пряжамеринос #пряжакашемир #пряжатвид #пряжаальпака
#мастерклассвязание #ангора";1556705316;131;11544129281;False;мастерклассвязание
Bw6oaqjjJtB;"Tropical Lane IDEAL Италия 🇮🇹
⠀
✅Состав: 100% MERINOS EXTRAFINE  BABY IRRESTRINGIBILE
✅ Рекомендуемые спицы:3-4.
⠀
✅Метраж :50гр-175м.
⠀
✅Цена:50гр- 350руб.
⠀
✅цвета в ассортименте(фото)
⠀
✳️Вопросы в Директ. Отвечу всем 💕
⠀
✳️Сайт ещё пока в разработке.
⠀
Ждём , любим и вяжем с Olinda ❤️❤️❤️
⠀ #мериносolinda

#вязатьмодно  #итальянскаяпряжа  #бобиннаяпряжа
#студияпряжи #купитьпряжумосква
#пряжасяком #кашемиршёлк #твидоваяпряжа #пряжамосква #пряжахлопок
#вяжутнетолькобабушки #пряжапайетки
#пряжаслюрексом #мохер #мохерслюрексом #BabiStore #вязаниемосква
#пряжамеринос #пряжакашемир #пряжатвид #пряжаальпака
#мастерклассвязание #ангора";1556705537;103;11544129281;False;мастерклассвязание
Bw6tH_DjcXg;"Tropical Lane  IL PUNTO FORTE  Италия 🇮🇹
⠀
✅Состав: 100% MERINOS EXTRAFINE
BABY IRRESTRINGIBILE
⠀
✅ Рекомендуемые спицы:3-4.
⠀
✅Метраж :50гр-135м.
⠀
✅Цена:50гр- 380руб.
⠀
✅цвета в ассортименте(фото)
⠀
✳️Вопросы в Директ. Отвечу всем 💕
⠀
✳️Сайт ещё пока в разработке.
⠀
Ждём , любим и вяжем с Olinda ❤️❤️❤️
⠀#мериносolinda

#вязатьмодно  #итальянскаяпряжа  #бобиннаяпряжа
#студияпряжи #купитьпряжумосква
#пряжасяком #кашемиршёлк #твидоваяпряжа #пряжамосква #пряжахлопок
#вяжутнетолькобабушки #пряжапайетки
#пряжаслюрексом #мохер #мохерслюрексом #BabiStore #вязаниемосква
#пряжамеринос #пряжакашемир #пряжатвид #пряжаальпака
#мастерклассвязание #ангора";1556708005;139;11544129281;False;мастерклассвязание
Bw7Cq2yjsDl;"Дорогие девочки-рукодельницы! 
Приглашаю Вас на новый авторский мастер класс! ""Стильная Авоська""
3 - 4 мая (пятница-суббота)
Для тех, кто хочет научиться вязать стильные аксессуары своими руками! Даже если Вы новичок в вязании и никогда не держали в руках крючок, или Вы уже немного умеете вязать и хотите связать что-то новое и несложное, ЭТОТ Мастер Класс ДЛЯ ВАС 👏
Мы с Ольгой @rukodelnia специально подобрали этот мини-курс потому что: ✔справится каждый ✔не будет такого ,что начали, взяли домой и не закончили !!! ✔у каждого будет полностью готовая работа
✔начинаем в пятницу в 12.00 - вяжем дно и середину
✔продолжаем в субботу в 15.00 - довязываем середину и ручку
✔у вас будет четкое понимание как самостоятельно повторить работу дома
✔каждому предоставим распечатанную схему узора
✔будет выбор цветов из имеющейся в наличии пряжи ✔вы будете гордиться самостоятельно связанным трендом сезона - Стильной Авоськой (бронируйте своё участие зараннее! )
Стоимость участия в двухдневном миникурсе 500 грн (включены материалы, чай, кофе, печеньки, схема)
Спонсором пряжи и инструментов выступает ☝
Салон - Магазин ""Рукодельня"" @rukodelnja 🙏.
С собой берём ручку, блокнот, если есть  свой любимый крючок для вязания #3 -4 📭 Адрес проведения:  г. Одесса, ул. Зоопарковая 8А, творческая студия ""Рукодельня Decor"".
Предоплата на карту Приват банка 200 грн
✏ Запись здесь или в ЛС
📲 Вопросы +38 097 5678663 Ольга @rukodelnia";1556719301;52;4904028595;False;мастерклассвязание
Bw7Jm3IDU_f;МК Жирафика от Инны Волковой☺️ Сохраняем💁🏻‍♀️ #игрушка #мкигрушки #вязаныймишкамк #схемавязания #описаниеигрушки #мкнаигрушку #люблювязать #долфинбэби #вяжудетямназаказ #плюшеваяпряжамосква #вяжутнетолькобабушки #плюшеваяпряжасмоленск #плюшеваяпряжа #ярнарт #дольче #ярнартдольче #мастеркласс #мастерклассвязание;1556722938;131;11282337592;False;мастерклассвязание
Bw7xRCxjD5N;"Добрый день!!! В наличии аксессуары для рукоделия:

1. Счётчики рядов - 70 рублей 
2. Ножнички - 200 рублей 
3. Набор: пластиковые спицы для вязания кос - 3шт и 4 шт (два вида), иголки 2 вида по 3 шт, маркеры 3 вида - 40 шт. Стоимость набора 70 рублей
4. Бирки деревянные овальные handmade - набор 5 шт/15рублей
5. Пуговицы деревянные мишки, цветочки, сердечки - набор 5 шт/15рублей
6. Пуговицы деревянные круглые - набор 5 шт/15рублей
7. Зажимы - набор 6шт/30рублей
8. Бирки - набор 5 шт/60рублей
9. Набор крючков, размеры: 2.0 2.5 3.0 3.5 4.0 4.5 5.0 5.5 6.0 - 300 рублей

Для заказа пишите в комментариях или в директ

#вязаниеспицами #вяжутнетолькобабушки #мквязание #мастерклассыповязанию #мастерклассвязание #урокивязания";1556743731;60;7324765747;False;мастерклассвязание
Bw84iSgAGj_;"🚩🚩🚩С детства помню как мы ходили на демонстрацию Трудящихся 1 Мая!!
Сначала с родителями! Потом я шла уже в колоне от спортивной школы! Представлять спортшколу на параде было честью!!
И повзрослев, я пошла на демонстрацию от Торгового Центра, где я работала !! И так мы круто потом посидели в ресторане ТЦ, что я решила что буду ходить каждый год!!!!🤣🤣🤣 Но...наступил 91 год и лавочку прикрыли!🤷‍♀️🤷‍♀️🤣🤣
Особенно мне нравилось кричать протяжное: Урааааааа! Почему, не знаю 🤦‍♀️
Расскажите мне свои истории парадов-демонстраций! Захотелось вспомнить про нашу Советскую жизнь!!!
Выберу 3 истории и подарю на выбор МК! А кто не хочет утруждаться писать, тот может купить со скидкой 50% все мои МК!
#берет_ochel  150 рублей 
#бактус_ochel 125 рублей 
#свитер_легкийоверсайз 275 рублей 
#свитер_hunter 250 рублей 
#варежки_ochel 150 рублей 
#шапка_protector_ochel 150 рублей 
#шапка_snowball 150 рублей 
#свитер_margo 250 рублей 
#балаклава_ochel 175 рублей 
#капюшон_ochel 175 рублей
#шапкаизтолстойпряжи_ochel 125 рублей
А я вяжу заказы! Да да да! Вот такие молодцы мои клиенты! #готовьсанилетом 
Следующий будет светло-серый !💪🤘";1556781097;869;4655933752;False;мастерклассвязание
Bw8ljxrDO3b;"‼️Как связать резинку что бы она потом долго оставалась красивой и держала форму ⁉️
Смотри видео 👉
Не забываем про ♥️и сохранить ✅
Напоминаю что все мои МК , лайфхаки и полезности Вы найдёте по тегу #мкчирковой_е_г
Всем хороших выходных 🌞💃";1556771147;1622;3606738453;False;мастерклассвязание
Bw8qF4QjQkl;"Доброе утро! Ставьте лайк 💓 мне очень приятно 🤗
💐🌿Сегодня у меня для вашего вдохновения новенькая сумочка Барокко сочного зеленого цвета. Добавила к дизайну сумочки клапан и замочек, получилось интересно.
💐🌿Сумка очень удобная, легкая, вместительная, не смотря на свой небольшой размер.
💐🌿Сумочка Барокко с клапаном в наличии, стоимость 12000 тг.
❤️На заказ стоимость 15000 тг.
💛Видео мастер класс по изготовлению сумки Барокко 3000 тг.
💚Купить все материалы для вязания сумочки можно на нашем сайте nitka.kz, сейчас как раз идут скидки  на наборы для вязания сумок.
#трикотажнаяпряжаказахстан
#трикотажнаяпряжа
#трикотажнаяпряжаалматы #трикотажнаяпряжаастана #трикотажнаяпряжаоптом #сумкабарокко #сумкаизтрикотажнойпряжи #вяжуизалтын #вяжукаждыйдень #сумкамакарун #вязанаясумочка #сумочкакрючком #мастерклассвязание #вязаниеизтрикотажнойпряжи #мксумка #вязаниемк #вязальныймк";1556773524;805;1678373593;False;мастерклассвязание
Bw8w2LBDsNi;"Учиться, учиться и ещё раз учиться 📓🙃🎓
.
Я за любое движение, если это касается новых знаний 😉
.
Поэтому, конечно же участвую в бесплатном марафоне от @des_byolga ""Инструкции к инстаграм"".
.
МК мишки 350 рублей👛
.
.
_______________
#одеждадлякуклы #игрушкадляфотосессии #мастерклассвязание #платьедлякуклы #малышикоротыши #вязаноечудо #вязаниесхемы #игрушкадляноворожденного #игрушкасплюшка #игрушкадлямальчика #игрушкадлядетей #вяжемвместе #мамарукодельница #вяжуигрушки #подарокпростотак #перваяигрушка #ялюблювязать #мишкитедди #мишки #курсывязания #сделайсама #схемавязания #чемразвлечьребенкадома #милыеигрушки #хоббивязание #чемразвлечьребенка #мамаможетвсе #урокивязания #творимсдетьми #погремушкагрызунок";1556777065;401;8762656088;False;мастерклассвязание
Bw9Gq9IjWTb;"Безвозмездно, т.е. даром дарю МК Мишка 😉
⠀
Тоже не любите «собирать» игрушки?
Почему Вам точно надо сохранить этот пост?
Или поделиться им с подругой?
А может мечтаете научиться вязать?
ООО! Я собираю всю информацию в одном месте, чтобы Вам было максимально удобно 😊
⠀
Научиться вязать, начиная с азов - welcome на мой канал в YouTube (ссылка в Taplink, под шапкой профиля), а теперь ещё бесплатный МК на такого прекрасного медведя ☺️
⠀
Чем он хорош?
А тем, что минимум деталей нужно пришить для окончательной «сборки» игрушки - только уши и мордочку, а вот лапы, будем ввязывать в процессе вязания 😉
⠀
В общем, ставьте #сАней_вяжем (оооочень интересно посмотреть на Ваших Мишек ☺️), делайте репосты друзьям и сохраняйте меня себе, чтобы не потерять 😁";1556788508;118;8338673938;False;мастерклассвязание
Bw9IAR2gdxf;"Каждый мастер делает кисточки по-своему.
.
Делюсь с вами своим способом.
📝
Беру нить длиной 380 см и складываю ее пополам, потом еще пополам и еще, и еще.))
.
Далее, соединяем со шнуром.
При вязании шнурка с каждой стороны оставляю нити.
Вот за них и привязываем кисточку.
.
На отдельную нить нанизываем бусины и ракушку.
Закрепляем ракушку, как показано на видео.
А концами нити обматываем кисточку, закрепляем и подравниваем кончики.
.
Всё!❤👌
_______________
Ну и бонусом одна из моих любимых песен Franco Simone.😁
#схемыкрючком #мккрючеом #мастерклассвязание #мквязаниекрючком #crochetpattern #freepattern #paisaje #francosimone";1556789207;190;3095845501;False;мастерклассвязание
Bw9K-9LDM_l;"Дорогие рукодельницы!!! 💐
Формирую заказ на пряжу, выкуп 04.05.2019!
...............
К заказу доступна пряжа производителей: 🧶#YarnArt
🧶#Alize
🧶#Nako
🧶#СеменовскаяПряжа
🧶#ПряжаизТроицка
🧶#Vita
🧶#Пехорка
🧶#Visantia .
..............
Все заказы, вопросы, уточнения жду в директ.";1556790769;130;12064206866;False;мастерклассвязание
Bw9KE6wDXhJ;"Ой, ну деловой ))) прям точно гусь!

Листайте описание! Ровных петелек 😍

Перевод: Ирина Филипповская";1556790293;261;12064206866;False;мастерклассвязание
Bw9P3aFDiBh;"Где найти полную подробную версию мастер-класса вязаной шапочки крючком ""Лилия""?
.
Дарим сердечко и сохраняем, нажав на флажок в правом нижнем углу.
.
Смотрим фото в галерее и выполняем ту же последовательность переходов.
.
А именно. Для начала перейти в мой профиль, нажав на иконку и ник @velena_hm 👈 (или прямо вот на этот ник с собачкой).
.
Лучше сразу подписаться на мой Инстаграм, потому что этот бесплатный МК не единственный, в профиле под тэгом #velena_мк_бесплатно ещё много полезностей. 😉👍
.
⠀
В шапке моего профиля перейти по активной ссылке, ведущей на страничку моего магазина Ярмарки Мастеров.
.
Там в левой колонке под моей аватаркой выбрать ""БЛОГ""
.
Далее вверху выбрать""Мастер-классы"".
.
Нужный МК находится в правом нижнем углу. Выбираете его и вяжите!😉👍
.
Легких петелек, девчата!❤️🌹
.
#курсывязания #урокивязаниякрючком 
#школавязания #обучениевязанию #мастерклассповязанию #вязаниедляначинающих #мквязание #онлайнвязание #мкповязанию #вязаниеуроки #вязаниекрючком #урокивязания #вязаниеназаказ #бесплатныймк #вязаниедлямалышей #люблювязатькрючком  #каксвязать #описаниевязания #мастерклассповязанию #мастерклассвязание #мквязание #вязаниедлядетей #вяжемдетям #описаниебесплатно #мастерклассбесплатно #бесплатноеописание #бесплатныймастеркласс";1556793328;772;3077299896;False;мастерклассвязание
Bw9P7oTDSKi;"Всех с прошедшим праздником!! Ура!!😁🚩
И прямо сейчас я начинаю РОЗЫГРЫШ видео мастер-класса авоськи с круглыми ручками!
Победителей будет ТРОЕ❗❗❗
💫
Пожалуйста, ознакомьтесь внимательно с УСЛОВИЯМИ  УЧАСТИЯ :
🔴 Вы -- никакой не интернет-магазин, и у вас открытый профиль! (Вношу небольшие изменения: закрытый профиль тоже может принять участие  но ему будет присвоен ВСЕГО ОДИН номер, независимо количества комментов❗)
🔴 Если вы (ай-яй-яй🙆‍♀️), еще не подписаны на мой аккаунт, то надо срочно подписаться!
🔴 И еще, поставить лайки на три последних публикации💕
🔴 Ну и, написать под этим постом:
""Хочу МК авоськи"", и отметить какой-нибудь профиль человека, который также, как и вы, может быть заинтересован в получении этого МК, то есть умеющего вязать ‼
⚘Комментариев можете оставлять сколько угодно, главное, чтобы отмеченный профиль в них не повторялся😊☝️Тем самым, вы увеличите ваши шансы на победу,🏆 поскольку каждому новому комменту сразу буду присваивать отдельный номер!
⚘Я не строгая, но справедливая,👩‍🎓 поэтому все вышеперечисленные условия буду проверять! И кто нарушит, тот, извините, но выбывает🤷‍♂️
🔴Победители будут определены 06.05., пока не знаю, каким образом, но обещаю, что все будет по-честному!!😂😂😂
Видео МК вышлю счастливчикам на почту📩
Всем остальным участникам будет скидка 20% на приобретение ЛЮБОГО мк😉👍
Всем удачи, начинаем!!♥️";1556793363;132;5735502108;False;мастерклассвязание
Bw9buZlD7X7;"Пряжа для летних проектов! 🌿Organic baby cotton от Gazzal!
Состав: 100-% органический хлопок 
Длина нити 115м/50 г
Рекомендуемый размер спиц: 4-4.5 мм
.
💰 Цена мотка - 90 р. .
🚗 доставка почтой, сдэк
.
💕 для заказа ставьте ➕ в комментариях или пишите в Директ
.
#gazzal #gazzalbabycotton
#вязаниеспицами #вяжутнетолькобабушки #вяжутнетолькобабушкиноимамочки #урокивязания #урокиспицами #урокивязанияспицами #явяжу #учусьвязать #люблювязать #мквязание #мастерклассыповязанию #мастерклассвязание #knitting #knitstagram #knittinglove #i_loveknitting";1556799546;65;7324765747;False;мастерклассвязание
Bw9cjFyBWCH;"📌Панель на 8 петель, раппорт 28 рядов.

Ряд 1: (ИС) лиц 2, изн 4, лиц 2
Ряд 2: изн 2, лиц 4, изн 2
Ряд 3: и все остальные изнаночные ряды вяжите лицевые и изнаночные петли по рисунку
Ряд 4: изн 2, 2/2 ЛП , изн 2
Ряд 6: 2/2 ПП, 2/2 ЛП
Ряды 8 и 10: лицевые
Ряд 12: лиц 2, 2/2 ЛП, лиц 2
Ряд 14: 2/2 ПП ДВАЖДЫ
Ряды 16-19: повторить ряды 12-15
Ряд 20: повторить ряд 12
Ряды 22 и 24: лицевые
Ряд 26: 2/2 ЛИП, 2/2 ПИП
Ряд 28: изн 2, 2/2 ЛП , изн 2 ⠀ ⠀ ⠀ ⠀ ⠀ ⠀ ⠀ ⠀ ⠀ ⠀ ⠀ ⠀ ⠀ ⠀ ⠀ ⠀ ⠀ ⠀ ⠀ ⠀ ⠀ ⠀ ⠀ ⠀ ⠀ ⠀ ⠀ ⠀ ⠀ ⠀ ⠀ ⠀ ⠀ ⠀ ⠀ ⠀ ⠀ ⠀ ⠀ ⠀ ⠀ ⠀ ⠀ ⠀ ⠀ ⠀ ⠀ ⠀ ⠀ ⠀ ⠀ ⠀ ⠀ ⠀ ⠀ ⠀ ⠀ ⠀ ⠀ ⠀ ⠀ ⠀📌Повторять ряды 1-28 для создания узора.
📌Также отдельно можно вязать плотную косичку, используя ряды 12-15. ⠀ ⠀ ⠀ ⠀ ⠀ ⠀ ⠀ ⠀ ⠀ ⠀ ⠀ ⠀ ⠀ ⠀ ⠀ ⠀ ⠀ ⠀ ⠀ ⠀ ⠀ ⠀ ⠀ ⠀ ⠀ ⠀ ⠀ ⠀ ⠀ ⠀ ⠀ ⠀ ⠀ ⠀ ⠀ ⠀ ⠀ ⠀ ⠀ ⠀ ⠀ ⠀ ⠀ ⠀ ⠀ ⠀ ⠀ ⠀ ⠀ ⠀ ⠀ ⠀ ⠀ ⠀ ⠀ ⠀ ⠀ ⠀ ⠀ #модноевязание #вяжунетужу #вяжу #вяжутнетолькобабушки #вяжутнетолькобабушкиноимамочки #вязаниеспицами #вязаниеновосибирск #вяжуназаказ #handmade #новосибирск #новосибирскаяобласть #вязаный #ручнаяработа #ручнаяработаназаказ #ручнаяработановосибирск #вязанный #вязаныевещиназаказ #вязаныевещи #учимсявязатьспицами #учусьвязатьспицами #рукоделие #нескучно #люблювязать #люблювязать💙 #люблювязатьспицами #описания #мк #мастерклассвязание #мквязание #описаниевязания";1556799978;17;12727168161;False;мастерклассвязание
Bw9fGusHKGe;🎈 Мир, труд, май 🎈 Всех приветствую и поздравляю с праздником весны и труда 🎀 И по такому случаю,  Татьяна @tanya_svazala дарит скидку 50% на все свои описания 🎁 Скидкой можно воспользоваться до полудня 5 мая , а все подробности об акции узнать на страничке @tanya_svazala;1556801318;531;4362250847;False;мастерклассвязание
Bw9hZ0vja_-;"Tropical Lane
BABY GIORNO E NOTTE Италия 🇮🇹
⠀
✅Состав: 100% MERINOS  BABY
⠀
✅ Рекомендуемые спицы:2-3 мм
⠀
✅Метраж :50гр-210м.
⠀
✅Цена:50гр- 280руб.
⠀
✅цвета в ассортименте(фото)
⠀
✳️Вопросы в Директ. Отвечу всем 💕
⠀
✳️Сайт ещё пока в разработке.
⠀
Ждём , любим и вяжем с Olinda ❤️❤️❤️
⠀ #мериносolinda
#вязатьмодно  #итальянскаяпряжа  #бобиннаяпряжа
#студияпряжи #купитьпряжумосква
#пряжасяком #кашемиршёлк #твидоваяпряжа #пряжамосква #пряжахлопок
#вяжутнетолькобабушки #пряжапайетки
#пряжаслюрексом #мохер #мохерслюрексом #BabiStore #вязаниемосква
#пряжамеринос #пряжакашемир #пряжатвид #пряжаальпака
#мастерклассвязание";1556802523;167;11544129281;False;мастерклассвязание
Bw9k5PcDAvI;"В НАЛИЧИИ: Пряжа GAZZAL Rock and rol
.
💥СОСТАВ: 9% шерсть мериноса
70% полиамид  21% полиакрил
.
💥Длина мотка 115 м
.
💥Вес мотка 50 гр
.
💥Стоимость моточка 75 руб.
.
💥Все цвета на фото в наличии.
.
💥Предоплата на карту сбербанка.
.
💥Отправка почтой России либо СДЭК.
.
💥Для заказа пишите в комментариях или в директ

#вязаниеспицами #вяжутнетолькобабушки #вяжутнетолькобабушкиноимамочки #урокивязания #урокиспицами #урокивязанияспицами #явяжу #учусьвязать #люблювязать #мквязание #мастерклассыповязанию #мастерклассвязание #knitting #knitstagram #knittinglove #i_loveknitting #Gazzal #gazzalrocknroll";1556804353;101;7324765747;False;мастерклассвязание
Bw9kJqgH9MX;"Идеальная пряжа для летних маечек и футболочек!
🌿Organic baby cotton от Gazzal!

Состав: 100-% органический хлопок 
Длина нити 115м/50 г

Рекомендуемый размер спиц: 4-4.5 мм

Цвета в наличии все, что есть на фото (в карусельке) .
💰 Цена мотка - 90 р. .
🚗 доставка почтой, сдэк
.
💕 для заказа ставьте ➕ в комментариях или пишите в Директ
.
#gazzal #gazzalbabycotton
#вязаниеспицами #вяжутнетолькобабушки #вяжутнетолькобабушкиноимамочки #урокивязания #урокиспицами #урокивязанияспицами #явяжу #учусьвязать #люблювязать #мквязание #мастерклассыповязанию #мастерклассвязание #knitting #knitstagram #knittinglove #i_loveknitting";1556803964;399;1596699;False;мастерклассвязание
Bw9kjo9HH4Q;"В НАЛИЧИИ: Пряжа GAZZAL Rock and rol
.
💥СОСТАВ: 9% шерсть мериноса
70% полиамид  21% полиакрил
.
💥Длина мотка 115 м
.
💥Вес мотка 50 гр
.
💥Стоимость моточка 75 руб.
.
💥Все цвета на фото в наличии.
.
💥Предоплата на карту сбербанка.
.
💥Отправка почтой России либо СДЭК.
.
💥Для заказа пишите в комментариях или в директ

#вязаниеспицами #вяжутнетолькобабушки #вяжутнетолькобабушкиноимамочки #урокивязания #урокиспицами #урокивязанияспицами #явяжу #учусьвязать #люблювязать #мквязание #мастерклассыповязанию #мастерклассвязание #knitting #knitstagram #knittinglove #i_loveknitting #Gazzal #gazzalrocknroll";1556804176;536;1596699;False;мастерклассвязание
Bw9r9qoDuy-;"💞 Плюшевая черепашка «Сонечка засонечка»
.
💞 Вязала по бесплатному мк (листайте карусель).
.
💞 Длинна игрушки 38 см.
.
💞 Цена игрушки на заказ 1500 руб. + почтовые расходы.";1556808060;419;5606571140;False;мастерклассвязание
Bw9rfXNjffO;"🥳 Праздничные выходные должны быть максимально комфортными и приятными 😊 
Поэтому скидка на МК #джемпер_fluffy_cloud 
250 ₽ вместо 450 ₽ 😁 Три дня  3 , 4  и 5 мая 🥳

#джемпер #розовыйджемпер #мк #мастеркласс #описаниевязания #мквязание #мастерклассвязание #научувязать #бесплатныймк #бесплатныймастеркласс #учувязать";1556807811;176;3619050939;False;мастерклассвязание
Bw9ttKvjIaI;"Вот такого рода логотипы тоже могут быть.
⠀
Девочки,давайте проведём опрос🗯.
⠀
В Директ мне поступают вопросы о шаблонах 📱для ИГ.
⠀
Хотела спросить у вас,как вы считаете,сделать бесплатный МК🎁,как самому сделать бесшовный дизайн для постов в ИГ?
⠀
В комментариях напишите «да» или «нет».";1556808973;35;12401643233;False;мастерклассвязание
Bw9xhPPjM-i;Мяу😻;1556810973;216;9006542742;False;мастерклассвязание
BwG_5XfpUCV;"Да какая разница?? И вата сойдёт 😎
⠀
На самом деле, нет, не подойдёт 😉
И распределить, чтобы получилась нужная форма игрушки, сложно;
Да и после стирки будет - один сплошной комок, распушить его уже не получится.
С гигроскопичностью - тоже история, у ваты, так себе 😬
⠀
В настоящее время, самый лучший наполнитель - синтетические шарики.
Их свойства:
* гипоаллергенность;
* лёгкость;
* тепло;
* сохранение формы в течение долгого времени;
* игрушки можно стирать;
* долговечность;
* дешевизна;
* а ещё это один из самых безопасных материалов – он не горит и не выделает летучих веществ.
⠀
Я, обычно, использую толщину волокна 15D. На мой взгляд - его гораздо удобнее распределять, чтобы придать игрушке нужную форму (он, немного, крупнее, чем 7D).
⠀
Но, для мелких деталей, если нужно придать жёсткость, упругость каким-либо деталям (шея жирафа, например, 😁), тогда беру именно 7D.
⠀
Продаётся этот наполнитель оооочень много где, и в «Леонардо», и в интернет-магазинах, реализующих пряжу, но, по стоимости, выгоднее покупать на Авито 🤪
То, что находила я - качество отличное, а стоит значительно дешевле 😊
⠀
Ровных Вам петелек 🙂
⠀
P.S. А в Taplink (ссылка под шапкой профиля), всегда найдёте мой канал на YouTube с подробными уроками для начинающих 😉
⠀
Подписывайтесь, ставьте ❤️ за мои старания 😘";1554973016;65;8338673938;False;мастерклассвязание
BwZE1PBDWIq;"А это точно безопасно?
⠀
Абсолютно! 😁
Безопасные глазки выглядят как пластиковые шурупчики с пластиковыми шайбами (смотрите карусель) ☺️
Они бывают разного диаметра (я, обычно, использую 12 мм), одноцветные, цветные, с блестками - на любой вкус 😊
Чтобы закрепить такой глазик, необходимо проткнуть полотно в нужном месте и закрепить шуруп шайбой с обратной стороны, после этого такой глаз уже точно никуда не денется.
Благодаря такому методу крепления, кстати, он наиболее популярен у мастериц, игрушки, с такими глазами, безопасны для маленьких детей.
⠀
Такие глазки продаются во всех магазинах для рукодельниц.
Но, например, в «Леонардо», они не красивые. Самые классные глазки нашла на AliExpress 😁
⠀
Ссылка, где покупала я в Taplink, под шапкой профиля, «Глаза на безопасном креплении AliExpress» 🙂
⠀
А на следующей неделе, расскажу и покажу на видео, как, лично я, закрепляю глазки, чтобы они сидели особенно плотно, никуда не выпирали, не заваливались и выглядели аккуратно 😉
⠀
Ровных Вам петелек 🙂
⠀
P.S. А в Taplink (ссылка под шапкой профиля), всегда найдёте мой канал на YouTube с подробными уроками для начинающих 😉
⠀
Подписывайтесь, ставьте ❤️ за мои старания 😘";1555579584;53;8338673938;False;мастерклассвязание
Bw_0a4Lp-M6;"Мамочки,бабашки и просто девочки с золотыми ручками😉🙌готов мастер-класс по вязанию платью «Ассоль» в формате пдф.
⠀
Чем хороша эта модель,так это своей универсальностью.Можно связать практически на любой возраст,от трёх месяцев,до похода в первый класс 😉
⠀
✅МК содержит 65 страниц описания,схемы,пошаговое фото работы.
⠀
✅Указана Пряжа и её расход,номер крючка.
⠀
✅Даны расчёты на возраст от шести месяцев до полутора лет(в зависимости от ребёнка)
⠀
✅Два варианта расчёта петель в кокетке,что позволит связать на любой размер до трёх лет.
⠀
✅Рассказано как самостоятельно скорректировать нужный размер по объему груди,путём вязания подреза.
⠀
✅Есть схемы изменений,нарисованные мной от руки.
⠀
✅Моя консультация прилагается 😉
⠀
✅Цена мк 450₽
⠀
✅Оплата на карту Сбербанка,банк «Открытие»,PayPal.
⠀
✅Отправка по электронной почте,Ватцап,сообщением в ок.
⠀
✅Связь со мной по быстрой ссылке в шапке профиля,пишите в Директ,номер телефона +79195406385.
——————————-
#вязаниедетям #вязание_крючком #вяжунетужу #вязаниемоехобби #мастер_класс #мквязаниекрючком #мкповязанию #сарафандетский #платьедлядочки #вяжеммалышам #вязаниекрючкомрукоделие #мастерклассвязание #вяжутвсе";1556879602;31;12600709371;False;мастерклассвязание
Bw_0dpCgS2V;Ссылка для скачивания бесплатного МК в шапке профиля! После скачивания вам на почту прийдет письмо «МК со скидкой»;1556879625;63;12535966931;False;мастерклассвязание
Bw_18pvg3Sj;"Наташа @sonata.uyuta , спасибо!!! Вот как раз хотела себе такой ремень 😊👍🏻👍🏻👍🏻
_____
Девочки, сохраняйте скорей красоту! 
_____

#тунисскоевязание #ременькрючком #трикотажнаяпряжа #триконарики #триконарик #вяжемкрючком #ременьизтрикотажнойпряжи #мастерклассвязание #учусьвязать #ялюблювязать #вяжемвместе #маримкремешки";1556880423;1637;1643900861;True;мастерклассвязание
Bw_GGXGDhU8;"Приветствую всех у себя в гостях! 👋всем очень рада!😘
*************************
Сегодня миниурок о двух способах убавления петель, например, на макушке шапочек. В ленте есть фото готовой работы с определенным видом убавок и видео, как их провязывать😉
‼️на видео показаны круговые ряды ‼️как правило, такие убавления делают через ряд, но не всегда😉 ************************
📌ВИДЕО 1: убавления делаются так: отмечаются маркерами места предполагаемых убавлений. *Работать будем с двумя петлями перед маркером и двумя после него. *Делаем следующим образом: не довязывая 2 петли до маркера делаем убавление: первую петлю снимаем не провязывая, вторую вяжем лицевой, затем снятую надеваем на провязанную ( это мы провязали две петли вместе лицевой с наклоном влево). *После этого маркер переносим на правую спицу и сразу делаем ещё одно убавление: первую лицевую провязываем, переносим её назад на левую спицу и надеваем на неё следующую петлю не провязанную ( это мы провязали две петли вместе лицевой с наклоном вправо). *‼️обратите внимание, чтобы петли в итоге не перекручивались! В зависимости способа вязания: круговыми рядами или поворотными😉‼️
************************
📌ВИДЕО 2: второй способ похож на первый, но отличается лишь тем, что здесь между двумя убавками вяжется 1 лицевая петля. *Итак: отметить маркерами лицевые петли в местах предполагаемых убавлений. *Работать будем с двумя петлями перед отмеченной лицевой и двумя после неё. *Делаем следующим образом: не довязывая 2 петли до отмеченной лицевой, делаем убавление: первую петлю снимаем не провязывая, вторую вяжем лицевой, затем снятую надеваем на провязанную ( это мы провязали две петли вместе лицевой с наклоном влево). *Затем провязываем отмеченную лицевую. После этого делаем ещё одно убавление: первую лицевую провязываем, переносим её назад на левую спицу и надеваем на неё следующую петлю не провязанную ( это мы провязали две петли вместе лицевой с наклоном вправо). ‼️также следите, чтоб убавляемые петли ложились ровненько‼️ И у вас получатся красивые ровные убавочные линии на изделии😉
***********************
Вяжите с удовольствием! Пусть у вас получаются ровные петельки и красивые вещи!😘😘😘
*********************";1556855317;893;5829277603;False;мастерклассвязание
Bw_JIWGhA4T;"Доброе утро☺

Выкладываю последний этап брелочков🍦🍦 Прошу меня простить 🙏🙏🙏 за опоздание,к сожалению,компьютер дал сбой(

Итак, пришиваем шоколад и глазурь к мороженкам .
Глазки и щечки пришиваем швом внахлест.

Оформляем ротик (в этот раз,я решила,оформить его немножко по-другому). Как обычно вопросы👉в комментариях.
#мастерклассвязание #бесплатноеописание #бесплатныемк #бесплатныймастеркласс #совместник #popovamklass";1556856906;28;5568632955;False;мастерклассвязание
Bw_OVEFDp_0;"Еще не устали отдыхать?😉
⠀
Я вот вся в трудах-ездила за пряжей для сумки, купила пряжу для нового персонажа🤭 Умаялась🤣
⠀
Но стоит мне посмотреть на Кролика-усталось как рукой снимает😊
⠀
Вот в таком виде он отправился к своей хозяйке🏡
⠀
Фотоотзыв можете увидеть в сторис😉 Компания пополняется👍";1556859632;107;7389946056;False;мастерклассвязание
Bw_XFgijggN;"#обзорпряжи_от_klubochka
Пряжа ...состав пряжи, что предпочитаете 🤔 натуральные или синтетика?
Я предпочитаю натуральную пряжу: шерсть, хлопок. 
Но недавно мне попалась в руки пряжа FLORA barba 2 с состав: 35% акрил, 15% полиамид, 50% эксолайн. 
От работы с такой пряжей я получила удовольствие, на ощупь очень мягкая, похожая на велюр, приятная к телу🤗 
Подойдет для кофточек на прохладную летнюю погоду.
Теперь я отхожу от своих рамок и хочу попробовать разные состав пряжи, так ведь интереснее😉";1556864223;416;10429750120;False;мастерклассвязание
Bw_gtPjDtJG;"Как сделать убавку петель незаметной?🤔
.
Очень легко и просто 😉
.
Смотрите видео, сохраняйте себе в закладки, чтобы не потерять 🎥
.
Этим способом я пользуюсь, чаще всего, он подходит и для полухлопка и для плюшевой или фактурной пряжи и везде, убавки, которые делаются таким способом,в вязаном полотне совсем  незаметны 👍♥️
.
А ваши сердечки помогают мне творить 💕💕💕
.
____________
#чемразвлечьребенка #игровойнабор #амигурумикрючком #мастерклассвязание #мамаможетвсе #урокивязания #рабочийпроцесс #рукинедляскуки #хоббидлядуши #развитиемалыша #книточка #вяжуруками #творимсдетьми #чемзанятьсявдекрете #чемзанятьсядома #набордлятворчества #школавязания #курсывязания #золотыерукимастера #урокивязаниядляначинающих #вязаниедляначинающих #урокивязаниякрючком #вяжемвместе #научу #учусьвязать #вязаниемояжизнь #вязанаяигрушкакрючком #хоббивязание #милыеигрушки #подсказки_от_mariki";1556869300;393;8762656088;True;мастерклассвязание
Bw_kwH6Dkce;"Девочки❤️ ⠀
Тестирование мк «Полли в платьице»сегодня началось ⠀
Те, кто хотел протестировать мк но не вошёл в тест-группу, для вас  будет доступен мк с приятной скидкой 🥰

Хорошего дня ☀️";1556871388;244;9006542742;False;мастерклассвязание
Bw_xrUvH9s6;"Привет, девчонки!!!
Предлагаю вам видео урок узора.
Как я люблю - ничего сложного в нем нет))))
Рапорт 4 петли (в видео отмечен маркерами).
Высота узора - 6 рядов.
.
⛔ 6 ряд: 3 изн., 1 лиц (в видео неправильно подписала)
.
💥Образец темно-бордового цвета связан из пряжи Gazzal Rock and rol.
💥Образец молочного цвета связан из пряжи Gazzal Baby Wool XL
💥 Пряжа в наличии в профиле @oh_my_knits
.
Приятного вам вязания!!!
.

Понравилось видео? Ставьте лайк ❤️❤️❤️😊😊😊
.
.
#вязаниеспицами #вяжутнетолькобабушки #мквязание #мастерклассыповязанию #мастерклассвязание #урокивязания";1556878164;2093;1596699;False;мастерклассвязание
Bw_yHeJjVSr;"Мамочки,бабушки  и просто девочки с золотыми ручками😉🙌готов мастер-класс по вязанию платью «Ассоль» в формате пдф.
⠀
Чем хороша эта модель,так это своей универсальностью.Можно связать практически на любой возраст,от трёх месяцев,до похода в первый класс 😉
⠀
✅МК содержит 65 страниц описания,схемы,пошаговое фото работы.
⠀
✅Указана Пряжа и её расход,номер крючка.
⠀
✅Даны расчёты на возраст от шести месяцев до полутора лет(в зависимости от ребёнка)
⠀
✅Два варианта расчёта петель в кокетке,что позволит связать на любой размер до трёх лет.
⠀
✅Рассказано как самостоятельно скорректировать нужный размер по объему груди,путём вязания подреза.
⠀
✅Есть схемы изменений,нарисованные мной от руки.
⠀
✅Моя консультация прилагается 😉
⠀
✅Цена мк 450₽
⠀
✅Оплата на карту Сбербанка,банк «Открытие»,PayPal.
⠀
✅Отправка по электронной почте,Ватцап,сообщением в ок.
⠀
✅Связь со мной по быстрой ссылке в шапке профиля,пишите в Директ,номер телефона +79195406385.
——————————-
#мастер_класс #мастерклассы #мк_sota #мквязаниекрючком #мквязание #мастерклассвязание #описаниевязания #схемакрючком #схемавязания #вяжемкрючком #вяжемвместе #покажукаквяжу #вяжеммалышам #вязаниедетям #платьекрючкомдлядевочки #платьекрючком #вязаноеплатье #мамавяжетдочке #мамавяжет #вязатьмодно #вяжутнетолькобабушкиноимамочки #платьедлядевочки #маминадочка #роддом #декретныйотпуск #нарядноеплатьедлядевочки #сарафанкрючком #вязаниемосква";1556878395;536;6277591304;False;мастерклассвязание
BweQJv-jDr_;"Я бабайка😁 и присяга на тряпочках. 
Вчера прошёл мастер-класс, милая беседа с девочками, два с половиной часа пролетели как пять минут. Спасибо @lanavergine за приём и девочкам, что пришли. Надеюсь,  была полезна вам. Повтор? Возможно. #мастеркласс #вязаноеплатье #мк #мастерклассвязание #вязание";1555753291;190;1533560827;False;мастерклассвязание
Bwg5VpBnRCM;"моя ""Вяженка"" для взрослых - это пока разовые мастер-классы. Освоили пончик, сегодня вязали дельфина. Получается у всех!!! Вяжем без инструментов, только руками из пряжи Alize Puffi. Планов и идей очень много! Могу организовать встречу по вашему запросу - что бы вы хотели связать....Впереди пледы, слоники, единорожки....😉 Присоединяйтесь!
#мастерклассвязание #вязаниеизпуффибарнаул #вязаниеигрушки #обучениевязаниюбарнаул #вязаниесемьябарнаул #центрсемьябарнаул";1555841993;43;4363969653;False;мастерклассвязание
BwggZ7LDbus;"Сегодня хочу с вами поделиться описанием мячика для моего слоника и заодно показать этого плюшевого малыша во всей красе 😍 Как вам мое творение? 😇🐘
.
Предлагаю вместе со мной связать игрушку и порадовать Ваших плюшиков обновочкой 😉⚽
.
Обязательно сохраняйте описание,  чтобы оно не потерялось в ленте ❤
. 
Перейдем к описанию. Схема достаточно простая, вязание происходит частой сменой цветов. Каждое повторение столбиков в скобках - новым цветом. Не забывайте переставлять мотки, чтобы нитки не запутывались.  Набиваем мячик по мере вязания. Первый и последний ряд Вяжем белым цветом
.
1) 2вп, 4сбн (4) 
2) (пр)х4 (8) 
3) (1, пр) х4 (12) 
4) (2, пр)х4 (16) 
5) (3, пр)х4 (20) 
6) (4, пр)х4 (24) 
7) (5, пр) х4 (28) 
8-9) 28сбн(28) 
10) (5, уб)х4 (24) 
11) (4, уб)х4 (20) 
12) (уб, 3)х4 (16) 
13) (2, уб)х4 (12)
16) (1, уб)х4 (8)
.
Затягиваем отверстие, нитку прячем внутрь. Придайте мячику правильную форму и он готов 👌⚽ #sweetie_mk #sweetie__free";1555828921;246;9366880428;False;мастерклассвязание
BwghRP7DvrL;"🤔У  вас часто бывает, что связали уже какую-то часть изделия и понимаете, что ошиблись с расчётами?😔
У меня редко бывает подобное, но вчера случилось...
🧶Распустила все, буду перевязывать.
Обычно все просчитываю заранее, вяжу образец и и.д.
‼️Чтобы и вам избежать таких ошибок в следующем посте расскажу как рассчитать петли для правильного вязания без распускания.
✅Подписывайтесь и следите за новостями✅
#школавязания #мастерклассвязание #вяжемвместе #учусьвязатьспицами #чатвместесила";1555829374;47;4499258886;False;мастерклассвязание
BwhOX1TjkFO;"4 ЭТАП ⠀
⠀
Мороженка ⠀ ⠀
Клубничный шарик ⠀
Вяжем розовым цветом, по спирали. Набить не сильно плотно. ⠀
1. 6в кольцо амигуруми; ⠀
2. Пр*р (12); ⠀
3. (1сбн, пр)*6р (18); ⠀
4. (2сбн, пр)*6р (24); ⠀
5. (3сбн, пр)*6р (30); ⠀
6. (4сбн, пр)*6р (36); ⠀
7. (5сбн, пр)*6р (42); ⠀
8-14. 42сбн; ⠀
15. (5сбн, уб)*6р (36); ⠀
16. (4сбн, уб)*6р (30); ⠀
17. (3сбн, уб)*6р (24); ⠀
18. (2сбн, уб)*6р (18); ⠀
19. (1сбн, уб)*6р (12); ⠀
20. уб*6р (6) ⠀
 Отверстие стянуть, нить закрепить и спрятать. ⠀ ⠀
Глазурь ⠀
Вяжем белым цветом, по спирали ⠀
1. 6сбн в кольцо амигуруми; ⠀
2. Пр*6р (12); ⠀
3. (1сбн, пр)*6р (18); ⠀
4. (2сбн, пр)*6р (24); ⠀
5. 2сбн, 4в.п., 3сбн по в.п, 4сбн, 8в.п., 7сбн по в.п., 3сбн, 5в.п., 4сбн по в.п., 5сбн, 6в.п, 5сбн по в.п, 3сбн, 4в.п., 3сбн по в.п., 4сбн, 6в.п., 5сбн по в.п., 3сбн, 5в.п., 4сбн по в.п., сс ⠀
6. 4сбн, 3сбн в 1 петлю, 13сбн, 3сбн в 1 петлю, 13сбн, 3сбн в 1 петлю, 13сбн, 3сбн в 1 петлю, 10сбн, 3сбн в 1 петлю, 11сбн, 3сбн в 1 петлю, 11сбн, 3сбн в 1 петлю, 4сбн, сс. ⠀
Закончить, нить закрепить и спрятать.⠀
⠀
Палочка ⠀
Вяжем коричневым цветом, по спирали. Палочку либо плотно набить по мере вязания, либо вставить каркас (я вставляла апельсиновую палочку и потом «насаживала» на нее клубничный шарик). ⠀
1. 6сбн в кольцо амигуруми; ⠀
2-27. 6сбн ⠀
Отверстие НЕ стягивать. Нить закрепить, оставив конец для пришивания. ⠀ ⠀
Вишневые палочки на глазурь (2шт) ⠀
Вяжем темно-бордовым цветом, по спирали. Плотно набить по мере вязания ⠀
1. 6сбн в кольцо амигуруми; ⠀
2-10. 6сбн ⠀
Отверстие стянуть. Нить закрепить, оставив конец для пришивания.";1555853021;147;4061669889;False;мастерклассвязание
BwhVA0HhLpi;"Самый частый вопрос, а как же стирать изделие🤔
 И вот вам наглядный пример скорее всего турецкой мастерицы, но откуда точно это видео не известно😐🙂 А как вы это делаете?
Я вот планирую постирать сумку в стиральной машине🤗 снять вам как это будет?
 До этого у меня все сумки были с замками, поэтому стирались руками примерно как на видео😄";1555857110;181;6174507722;True;мастерклассвязание
BwhXNSIjiWY;"Давно я собиралась связать шапочку бини. И вот, наконец, меня вдохновила страница @polinakuts_crocheting , у которой замечательные вещи связанные крючком , а так же под имитацию спиц. .
Полина, мастер-класс очень понятный , вяжется легко и с удовольствием🌹
________________________
#бисквитгрозный  #хобби #модноевязание ##идеихранения #вязаныекорзинки #уютныйдом #бисквитгрозный #biskvit_grozny
#тпряжа #вязаниекрючком #полиэфирныйшнур 
#crochetknitting #baskets  #basketshop #корзинки #корзинкиизполиэфирногошнура #крючокгрозный 
#coлнечныйкpyгнебовокругденюжкаприди #30лайкапр#вяжутнетолькобабушки #какecтрак #мастерклассвязание #узорыкрючком #вязатьмодно #fine3ko #вязаныешапкикрючком #ваcaцитасацита #близитсялетo";1555857653;541;5721043828;False;мастерклассвязание
BwhnO7mDBSS;"💞 Плюшевая мишутка девочка 💞 рост 37см.
.
Ниточка HIMALAYA DOLPHIN BEBI цвет 80303
.
🧚 Связана по мк «МИШКА СЁМА» (смотрите в актуальном).
.
🧚 Девочки, я добавила в мк описание работы с такими с глазками, и описание пришивного носика. Поэтому те кто уже приобрёл мк СЁМА, отпишитесь мне в личку, я вам вышлю обновлённый мастер класс.";1555866056;307;5606571140;False;мастерклассвязание
Bwhne6Ejwkg;"Добрый вечер!
⠀
Нашелся у меня тут недавно один мишка или одна) Мало того что не пристроенная, так еще и без одежды 🙈. Решила, я ее принарядить в сарафан и получилось платье-малинка для мишки-Малинки) Описание в карусели. Сарафан получился на мишку размером примерно 17-18 см.
⠀
Всем лёгких петелек!
⠀
#описание_за💚 #nkazantseva #одеждадляигрушек #бесплатноеописание #сарафандлядевочки #вязанаяигрушка #сделайсама #саморазвитиеличности #покаребенокспит #мк #crochetpattern #crochetart #knittingpattern #схемавязания #теддимишка #амигурумимишка #умелыйблог_комментарии #школавязания #мастерклассвязание #мамадети #лучшиеигрушки #вдохновение #nkazantseva #выходной";1555866186;166;8657673584;False;мастерклассвязание
Bwi-hEGD87Q;"Здравствуйте, мои дорогие, мои хорошие!😘 Спешу поделиться радостью: Все цвета Дневничков теперь снова в наличии!🤩
Ведь скоро майские праздники, а значит, скидки, акции и хорошее настроение. 🌺
*************************
«ДНЕВНИК РУКОДЕЛЬНИЦЫ»- очень важный и необходимый☝️инструмент в руках творческого человека!!!❤️ Он представлен в четырёх ярких, красивых цветах. Формат А4, объём-70листов, металлическая пружина, плотная обложка заламинирована👍
Места для записей много, хватит надолго и это очень здорово! 😍
Дневник рассчитан на 35 проектов (10 из них- для небольших, например, шапочек или носков). В самом начале есть Содержание. Считаю, что фиксируя там названия своих проектов и номера соответствующих страниц, вам не придётся каждый раз тратить драгоценное время в поисках того или иного раздела. 
Кроме того, в издании очень много полезной информации, практических советов, таблиц с размерами, рекомендаций по уходу за вязаными изделиями и многое другое. 
В конце, после проектов, есть чистые листы в клетку- для ваших личных записей или не поместившихся схем.👍 *******************************
Это отличный подарок для всех, кто дружит со спицами или крючком! 🤗Ведь в процессе создания красивых вещей всё должно быть красиво, удобно и упорядочено!🌺🌺🌺
Уверены, вы не разочаруетесь данным приобретением, которое создавалось для вас со всей душой🦋😊 Пользуйтесь с удовольствием!🧚‍♀️Создавайте красивые вещи!🧚‍♀️
Ровных петелек!❤️ *******************************
Подробнее об этом издании здесь➡️ #rovnaja_petelka_dnevnik 
Для оформления заказа нужно написать сообщение ✍️ *
Цена Дневника-1550 рублей.
Цена доставки почтой по России - 300 рублей.";1555911817;98;5829277603;False;мастерклассвязание
Bwi1LUnDCLp;"БЕСПЛАТНОЕ ОПИСАНИЕ шапочки ""Эльф"" 🌹
(описание карусели)";1555906921;2389;9976378083;False;мастерклассвязание
Bwi8ztXhcat;"Вот и подошел к концу второй этап марафона, где мы вместе с нашими ученицами связали изделия на выбор из раздела “Одежда” и “Сумки, рюкзаки”.👏👏👏
⠀
По хештегу #ОГНЕННАЯ_ВЕСНА_MYFERGYSCHOOL можно полюбоваться работами наших мастериц.☺
⠀
Сейчас у нас начинается новый этап. На этой неделе вяжем изделия из разделов “Обувь”. За 7 дней мы должны успеть связать тапочки или обувь для улицы!👍
Тапочки вяжутся намного быстрее, чем предыдущие изделия, но мы призываем вас не расслабляться, а то знаем мы, как влияет хорошая погода на продуктивность.😜
⠀
В конце недели, как всегда, будет подведение итогов: 29 апреля до 14-00 по МСК
Вы, наши мастерицы, подняли высокую планку, так что, не теряем хватку, осталось совсем немного времени до  объявления результатов и вручения призов.🤗🏆🎉
Работаем! (голосом Ивана Урганта)😁💪";1555910921;136;4243581788;False;мастерклассвязание
BwirpaKFqeY;"🎁 РОЗЫГРЫШ ОКОНЧЕН!!!🎁
⠀
💫Без подписки ""на всех""
💫Без репостов 📍Переходите по ссылкам
📍Выполняйте простые условия под постами с понравившимися подарками, и вы в розыгрыше!

Я разыграю среди моих подписчиков настоящий бестселлер вязального мира книгу Клэр Кромптон ""Библия вязания"". Она полезна как новичкам, которые только начинают учиться вязать спицами, так и опытным вязальщицам. Книга 🔥
⠀
 Все просто как всегда: ⠀
♦Подписаться на меня @fantazerka_handmade
♦Поставить лайк этому посту ❤ и 3  предыдущим за компанию🙂
♦Сохранить розыгрышный пост (нажмите на флажок  справа и 2 раза на само фото 👆), чтобы не пропустить результаты🤗
♦Отметить одного хорошего человека (Отмечать можно ВСЕХ) или написать любой комментарий под этим 👇 постом (не смайл), комментарии должны быть разные( чем больше комментариев,тем больше шансов на победу)
♦ И ждать подведения итогов 27 апреля🎁
.
❤Репосты в сториз не обязательны, но приветсвуются❤

Хотите ещё Подарки?
переходите к следующему магазину 👉 @lavka_rukodeliya_krd и выигрывайте набор для создания картины из шерсти. ⠀⠀⠀
Хотите все 🎁🎁🎁 забрать? Выполните условия у всех дарителей
⠀⠀⠀
* Каждый спонсор 27 апреля в течении дня  разыграет подарок в своем аккаунте
* Неживые и созданные специально для розыгрышей аккаунты не допускаются
❕ Поставьте уведомление, чтобы не пропустить розыгрыш ⏰
* Доставка - за счёт победителя
❗❗❗Для тех ,кто только по определенному городу дарит,здесь напишите ,что розыгрыш только по  г.

Подведение итогов будет в сервисе @lizaonair

Удачи! 🍀";1555901924;274;3706873383;False;мастерклассвязание
Bwirw6Ahfyt;"Первый этап брелочка ""Мороженка"" 🍦🍦 Следующий этап 24 апреля😉 
Будут вопросы👉пишите,пжл,в комментариях.

#мастерклассвязание #бесплатноеописание #бесплатныемк #бесплатныймастеркласс #совместник #popovamklass";1555901986;30;5568632955;False;мастерклассвязание
Bwj0CAzjez7;"Ой как обидно, хотела быстро научиться танцевать бальные танцы и участвовать в конкурсах, но сказали быстро не получится!
А я хотела стать звездой!
__________________________________
#мышки #мышкакрючком #мышкамастеркласс #мышкаамигуруми #мышь #мышкаводежде #мышонок #крысенок #крысы #крыски #крыска #крыс #крыс #мастер #мастерклассвязание #вяжуипродаю #вядутнетолькобабушки #вяжуназаказ #вяжуигрушки";1555939874;95;6927678569;False;мастерклассвязание
BwjF3rUlcIj;"Пока готовиться МК по Цыпе, вот вам мой симпатичный медвежонок ❤❤❤
.
.
#momigurum_i #теддимишка #тедди #мишкакрючком #амигуруми";1555915672;21;10492466651;False;мастерклассвязание
BwjQp1eDk77;"🧶 пряжа Vita cotton COCO.
✏️ состав: 100% мерсеризованный хлопок.
✏️ моток: 50 гр - 240 м.
✏️ цена: 70 руб";1555921326;64;12064206866;False;мастерклассвязание
BwjUhcaD7pS;"Движение-жизнь!
Это всем известный факт.
⠀
Но как заставить себя больше гулять, ходить в спорт зал, делать гимнастику ?
⠀
Вот у меня с этим большая проблема. Не могу себя заставить.
⠀
Лишний вес, отек ног, болит спина. Все понимаю и ничего не делаю.
⠀
А как вы справляетесь с этой проблемой?
⠀
С началом рабочей недели и всем удачи!";1555923355;610;6939858340;False;мастерклассвязание
Bwjh9CZFb5b;"3 часть мастер-класса по изготовлению вязаных кроссовок. Предыдущие части см 2 предыдущие мои публикации. Ставьте лайки если хотите видеть мои работы в начале ленты новостей, подписывайтесь если вы зашли по тегам и делайте закладки, что бы не потерять публикации.
#мастеркласс #вязаныеидеи #вязанаямода #вязаниеукраина #вязаниеназаказ #вязаниекрючком #вязание #мастерклассповязанию #мастерклассвязание #наширукинедляскуки #авторскаяобувь #вяжутнетолькобабушки";1555930396;2388;5999370124;False;мастерклассвязание
Bwjk4akjTPr;"Наконец-то погода стала хорошей, солнышко, птички, травка ☀️
Теперь целыми днями надо гулять, вязать некогда 😃
Да ладно, я шучу, ночь то есть всегда 😁
-
Как связать такую кису есть пониже в профиле 😉";1555931931;98;5841428599;False;мастерклассвязание
Bwjmvk7jGSc;"Мои милые 🦉 и 🐈 💕!
⠀
#вналичии_ольгаанзельм
#готовое_ольгаанзельм";1555932908;209;5730899830;False;мастерклассвязание
BwkFMp_jU50;"👶ГДЕ, КАК И КОГДА НАЙТИ ВРЕМЯ?
Время для развития своего творческого потенциала.
⠀
Наверное, многие кто увлекается сейчас вязанием, это не типичные  бабушки, а женщины в декрете.
⠀
Я говорю сейчас о модном, красивом вязании, которое увидев хочется повторить.
⠀
Появление  ребенка это хороший  толчок к развитию своих нераскрытых талантов и способностей ранее.
⠀
В это период жизни рождается не только ребенок, но и много прекрасных, гениальных  идей и творений.
⠀
ИЩЕМ ВРЕМЯ
⠀
ГДЕ? В отпуске по уходу за ребенком, когда  мы не обременены работой. Я думаю, лучшего время не найти.
⠀
КАК? Любовь и  желание сделать что-то своими руками для малыша даёт мотивацию к действию. Поэтому, берём и делаем со всей душой 😊
⠀
КОГДА? Лично я вяжу во время дневного сна, вечером после засыпания и даже днём, пока ребенок занят сам игрой.

Сейчас столько красивой  пряжи, интересной фурнитуры, потрясающих идей и уроков, что вязание становится снова популярным и очень модным.
⠀
А век информационных технологий в этом нам отлично помогает! 👍
#трикотажнаяпряжаbiskvit#вяжутнетолькобабушки#вязаниедетям";1555948874;90;2343255026;False;мастерклассвязание
BwkGLQtJGi2;"Не пасхальный, но  похож! Венок в цветах стиля прованс для одного очень хорошего человека.

____
🥖шелковые ленты
🥖цветы из полимерной глины (все лепила сама)
🥖пробки от винных бутылок
🥖фигурная паста
🥖кружево
🥖колоски, лаванда
🥖подвеска - пряник ручной работы (Галя, @home_honey_cake ты его помнишь? 😊)
🥖зефирки из полимерной глины
🥖корзиночка
🥖бутылочка

___
МК по веночку можно найти на моем сайте (в шапке профиля)
Все работы здесь #маривенки 
А в галерее - пасхальные варианты 😊

____

#веноксвоимируками #декоративныйвенок #веноквязаный  #стильпрованс  #венокнадверь #пасхальныйвенок #декордлядома #триконарики #трикотажнаяпряжа  #мастерклассмосква #мастерклассвязание #вязаныйвенок #рождественскийвенок #венокизтрикотажнойпряжи #венокизпряжи #веноккрючком #тпряжа";1555949387;441;1643900861;False;мастерклассвязание
BwkScJxDK_A;"👍Простой рецепт для рукодельниц!👍
.
🐻Все ингредиенты для создания медвежонка-трансформера на одном фото🐻
.
➕Добавьте несколько часов наедине с любимым крючком, заправьте парой улыбок – и новая игрушка у вас в руках👏
.
📌Пошаговое описание к рецепту тоже есть ➡ 199 рублей ➡ Напишите мне для оплаты и получения мастер-класса ➡ способ связи выберите по ссылке в шапке профиля или отправьте сообщение сразу в директ ✍
.
💖Вяжите с удовольствием 💖";1555955817;53;5537790417;False;мастерклассвязание
Bwl0feiD-RJ;"Пока проходит голосование я, наконец-то, собрала все материалы с совместника по вязанию #кардиган_остатки_сладки в один pdf файл. В этом файле 120 фотографий с подробным описанием процесса. Чтобы не быть голословной я записала видео, листайте карусель.
______________

Я знаю, что есть новые желающие связать такой кардиган. Условия покупки будут такие же, как и для опоздавших на совместник - по системе #freedonation. Вы сами выбираете стоимость мастер класса исходя из своих возможностей и пожеланий. Все мы разные, у всех нас разная финансовая ситуация, мы живём в разных городах и даже разных странах. Мне кажется такой подход очень лояльным и правильным.
______________

Оплатить можно на карту Сбербанка или PayPal, за подробностями в директ или напишите в комментариях - я сама вам напишу.
_____________

В свою очередь я стараюсь всегда быть на связи и помочь советом или объяснением, если вам что-то непонятно или вы в чём-то не разобрались.";1556007225;81;7635550500;False;мастерклассвязание
Bwl2b_fD3UE;"25.04 в Торговом центре ""Тиара"" будет праздник день рождение!!! Мастер классы, развлечения и ярмарка ручных товаров🤗
 Я буду там участвовать😋 кто хотел познакомится, или посмотреть все и пощупать приходите обязательно!  Адрес: Мичуринский проспект дом 27
@trctiara
 Если хотите купить пряжу, пишите заранее сколько и какой, все привезу😉";1556008245;87;6174507722;False;мастерклассвязание
Bwl74gZD3Ow;"Lopo Piana ,Lagopolone,  Gruppo filpucci  Италия 🇮🇹
⠀
Листайте карусель ⤴️
⠀
✅Состав: LoroPiana 33% шерсть + 25%мохер +40 %акрил. ✅330м на 100гр
⠀
Lagopolone 25% меринос+ 20%альпаки+55%акрил.
✅230м на 100гр.
⠀
Gryppo filpucci35%шерсть+45% полиэстер +20% полиакрил.
✅230м на 100 гр.
⠀
✅Цвет:в ассортименте на фото.
⠀
✅Цена:100гр- 135рублей.
⠀
✅отмот от100 гр.
⠀
✳️Вопросы в Директ. Отвечу всем 💕
⠀
✳️Сайт ещё пока в разработке.
⠀
Ждём , любим и вяжем с Olinda ❤️❤️❤️
⠀
#шерсть
#вязатьмодно  #итальянскаяпряжа  #бобиннаяпряжа
#студияпряжи #купитьпряжумосква
#пряжасяком #кашемиршёлк #пряжамосква
#вяжутнетолькобабушки
#пряжаслюрексом #мохер #мохерслюрексом #BabiStore #вязаниемосква
#пряжамеринос #пряжакашемир #пряжатвид #пряжаальпака
#мастерклассвязание";1556011100;218;11544129281;False;мастерклассвязание
Bwl8CuajJVR;"Дочь доросла 😁
⠀
Этот комплект я вязала Вове, он его носил года 2 пока не вырос из него, зато на Даше теперь отлично сидит 😁
Я не знаю сколько ещё сезонов в нем можно отходить, но после 2 лет или 4 сезонов (если не путаю) он выглядит как новый 😉
⠀
Вязала из бобинного мериноса с кашемиром и ПА в составе, метраж не помню, но точно в 6-8 сложений😁
Стираю в машине на режиме «шерсть» и все отлично - не растягивается, не сваливается, не пилингуется и т.д.
⠀
Вот думаю, а куда эти шапки, которые носили уже 2 детей и они как новые?
Да и не только шапки, а вообще все вязаные вещи в отличном состоянии 🤔
————————————————————
На фото: комплект из снуда в 2 оборота и шапки-тыковки.
Размер: 48-52 см.
Состав: 70% меринос, 10% кашемир, 20% ПА (Италия).
Сезон: весна/осень/не лютая зима.
⠀
➿Цена на заказ (меняется в зависимости от размера):
🔹тыковка 1100-1500₽, снуд 15*100 см 1800₽, варежки 1050-1450₽ (детские),
🔹тыковка 1600-1800₽, снуд 20*150 см 3000₽, варежки 1550-1750₽ (взрослые)➿
⠀
Для заказа пишите в Direct или мессенджеры +79220479820 (готовность - май).
————————————————————
Все мои вязаные работы по тегу #sapelkina_knitting
⠀
Шапки #sapelkina_шапки
⠀
Снуды, манишки #sapelkina_снуды
⠀
Бесплатный МК по такой шапке ищите в закреплённых Stories «Беспл.МК»😉
————————————————————
#вяжутнетолькобабушки #вяжутнетолькобабушкиноимамочки #вязаниеспицами #шапкаспицами #заказатьшапкутюмень #заказатьшапкумосква  #вязаниеназаказмосква #вязаниеназаказтюмень  #описаниевязания #мастерклассвязание #бесплатныймк #мкшапка #вязаниедляновичков #шапкатыковка #шапкарезинкой #весенняяшапка #шапканавесну #удлиненнаяшапка #шапканазаказ  #вязаниедлядетей #вязаниедетям #стильныедети #модныедетки #вяжунемогуостановиться  #бесплатноеописание #бесплатныймастеркласс";1556011183;910;7824436614;False;мастерклассвязание
Bwl_kosnS00;"Пряжа для летних проектов! 🌿Organic baby cotton от Gazzal!
Состав: 100-% органический хлопок 
Длина нити 115м/50 г
Рекомендуемый размер спиц: 4-4.5 мм
.
💰 Цена мотка - 90 р. .
🚗 доставка почтой, сдэк
.
💕 для заказа ставьте ➕ в комментариях или пишите в Директ
.
#gazzal #gazzalbabycotton
#вязаниеспицами #вяжутнетолькобабушки #вяжутнетолькобабушкиноимамочки #урокивязания #урокиспицами #урокивязанияспицами #явяжу #учусьвязать #люблювязать #мквязание #мастерклассыповязанию #мастерклассвязание #knitting #knitstagram #knittinglove #i_loveknitting";1556013034;270;1596699;False;мастерклассвязание
BwljtneDsD7;"Базовые кардиганы от @modnie_petli ♥️
______________________________________________
#свитер #мастеркласс #вязаныйсвитер #вязаныйпуловер #оверсайз #look #этолюбовь❤️ #свитерспицами #вяжунемогуостановиться #свитероверсайз #вырез #looks #теплоеплатье #тепло #весна2019 #8марта #oversize #fashionlook #всевжизнисвязано #вяжуспицами #мк #мккардиган #мастерклассвязание";1555998428;85;5883141518;False;мастерклассвязание
BwlldjjDmCq;"🎁РОЗЫГРЫШ МК🎁
▪️Не упусти шанс получить мастер-класс по вязанию крючком совершенно бесплатно! Мы с девочками решили устроить раздачу подарков в связи с праздниками, хорошим настроением, и просто потому что мы любим дарить подарки😘
⠀
‼️ ВЫПОЛНИ ВСЕ УСЛОВИЯ:
✔ Поставь ❤️ этому посту;
✔ Подпишись на 7 спонсоров.
.
✔ Под таким же постом у @diy_klberg поставь ❤️ и напиши один комментарий ""Участвую"".
.
✔ Репост в сторис приветствуется😉
⠀
▪️Победители определятся генератором случайных чисел 26.04 в 21:00 в прямом эфире. Порядок розыгрыша МК такой же как располагаются фото в карусели у организатора. ▪️Для участия в конкурсе допускаются только живые профили с фото; на время проведения розыгрыша профиль должен быть открыт.";1555999345;126;4600144548;False;мастерклассвязание
BwllnBQBiq7;"Наверное, вы и не догадывались, что есть знаменитости, которые как и вы любят вязать? Правду говорят, что  талантливый человек- талантлив во всем! 🏅💪🎉
⠀
 Кто бы мог подумать, что обольстительница сердец Сара Джессика Паркер после съемок любит связать рядок другой? Особенно она любит вязать шапки.😌
⠀
 Еще одна всемирно известная “красотка” Джулия Робертс тоже отличается любовью к вязанию. Она вяжет постоянно, как для себя, так и для родственников и друзей.🤗
⠀
Но не только девушки увлекаются вязанием. Оказывается, некоторые звезды  мужского пола тоже любители этого творчества.:ream:
Например, Курт Кобейн- солист группы Нирвана, увлекался вязанием. Таким образом он достигал расслабления после очередного рок- концерта.😎
⠀
А вот  Рассел Кроу специально научился вязать, когда его жена была беременной, чтобы успокаивать свои нервы. 🙈Но даже после рождения ребенка, Кроу не спешит прощаться с этим занятием.👌
⠀
Вот про кого-кого, а про Ангелу Меркель неожиданно  было узнать, что она вяжет! С вязанием в руках она представляется не такой строгой.🙏 Скорее всего вязанием, как и большинство перечисленных звезд, она  успокаивает нервы.😊
⠀
 Вот такие новости. Удивлены? А может вы тоже знаете артистов, которые любят вязать?👇";1555999422;290;4243581788;False;мастерклассвязание
Bwlp2yVDvf9;"Моя история... 😊⠀
⠀
Я мама в декрете (уже второй раз). И как обычно это происходит, ещё в первом декрете я увлеклась творчеством. 😊 ⠀
⠀
За год чего я только не попробовала, какие техники не изучила... Это были канзаши, декупаж, топиарий и т.п. Но все это было не то ... Но как-то в интернете я наткнулась на вязанную игрушку, в какой неизвестной мне технике - амигуруми.😊⠀
⠀
Мне стало интересно... Изучила, попробовала, понравилось😊 и я втянулась😊⠀
С тех пор прошло 5 лет. За это время я от примитива пришла к сложным игрушкам. Постоянно улучшая свои навыки в вязании. И с того времени я выросла с обычной любительницы вязать в дизайнера своих собственных игрушек! 😉⠀
⠀
Я придумываю их и пишу мастер классы по их вязанию, для новичков таких же, как когда-то была я😉⠀
⠀
Я не стою на месте, все время чему-то учусь. Осваиваю новые навыки и постоянно совершенствуюсь.  Внедряя все навыки в свою жизнь, игрушки и мастер классы.⠀
⠀
В какой-то момент я поняла, что хочу чтоб хобби стало моим основным источником дохода, моим бизнесом.⠀
А я очень ответственный и упрямый человек. И если я этого захотела, значит обязательно добьюсь. 😊⠀
⠀
Сейчас у меня конкретная цель: продавать свои мастер классы в России и за рубежом, записать видео курс по вязанию игрушки с нуля. Ну и естественно на этом зарабатывать😉⠀
⠀
К этой цели я иду я февраля 2019года. За эти месяцы я осваивала разные техники и инструменты оформления аккаунта в Инстаграме. Учусь правильно фотографировать свой продукт, применять правильно дизайн в фотографиях и ленте. Освоила бесконечный дизайн по оформлению ленты. Прошла кучу марафонов и курсов по продвижению. И вот за апрель я сдвинулась с мертвой точки. У меня подросло количество подписчиков. Но продажи были совсем минимальные. ⠀
⠀
Я уже успела отбиться от конкурентов, которые обвинили меня в плагиате. Что далеко не так. И я доказала свою правоту😊⠀
⠀
И это всё мне показывает, что я двигаюсь в правильном направлении.⠀
А в нашей жизни нет предела совершенству! 😋";1556001648;227;4061669889;False;мастерклассвязание
BwlqCCBD0bD;"Этот пост навеян недавним эфиром Ани @knittedbird, в котором один из зрителей искренне удивился, почему, купив мастер-класс, он не может делать с ним что хочет: продать, подарить и другие действия, которые он может совершить, например, с вазой.
⚖️Мастер-класс это не ваза, а результат интеллектуальной деятельности
⚖️На результат интеллектуальной деятельности признаются интеллектуальные права
⚖️А к интеллектуальным правам не применяются положения Гражданского Кодекса (первая его часть, второй раздел), которые работают при рассмотрении вопросов права собственности на имущество (владеть, пользоваться и распоряжаться имуществом по своему усмотрению - применимо к вазе, но не к интеллектуальным правам).
⚖️И самое важное: ПРАВООБЛАДАТЕЛЬ ПО СВОЕМУ УСМОТРЕНИЮ может разрешать или запрещать использование результата своей интеллектуальной деятельности, определяя перечень действий (способов использования), которые вы можете осуществить с созданным им мастер-классом.
То есть, если автор пишет, что он не разрешает распространение или публичный показ произведения (а это возможные способы использования произведения), значит никто ни при каких обстоятельствах не имеет права их распространять (продавать) или выкладывать в общий доступ.
(Гражданский Кодекс РФ, часть IV, статьи 1225, 1226, 1227, 1229, 1270)
.
Давайте вместе повышать юридическую грамотность и не нарушать закон 😉";1556001741;68;9162441944;False;мастерклассвязание
BwltJtPjUvJ;"Девочки, доброго вам дня🌸
.
У нас новый ВИДЕО мастер-класс ""Повязка на голову"". В период межсезонья - весной и осенью, да и летом, в прохладные дни, повязка будет самым удобным вариантом утепления👌🏻
.
Будем использовать:
👉 2 спицы, крючок, иглу
👉 открытый наборный край
👉 платочную вязку
👉 шов петля в петлю
.
Вы сможете связать повязку на необходимый вам размер!
Данный мастер-класс под силу даже новичкам!😇
.
💳Стоимость - 0 руб.
.
💌Пишите в Директ - скинем ссылку на МК.
.
#школавяжидлядуши #knitforsoul #knitforsoulru #вяжидлядуши_мк #вязание #вязаниеспицами #стильноевязание #модноевязание #вязатьмодно #школавязания #обучениевязанию #вязаниеонлайн #онлайнкурсы #идеидлявязания #вязанаямода #курсывязания #вязаныеидеи #хоббидлядуши #вяжутнетолькобабушки #вязаниемоехобби #мастеркласс #мастерклассвязание #мастерклассповязанию #мквязание";1556003376;90;8758368457;False;мастерклассвязание
BwltVYeDkwg;"Безупречная работа Светы @grechka_handmade по моему МК 🖤

Заходите к Свете в профиль-у неё очень красивое и качественное вязание! И сумочку можно заказать)

Хочешь сама такую связать? Подробное видео по созданию #сумкаэнгли 12byn/400₽";1556003472;1470;805312059;False;мастерклассвязание
Bwlx2w2DCPG;"Пора и лицо показать 😊
Всем привет. Я Катерина создатель и ведущий этого профиля 😂
Я молодая мама, которая совмещает материнство, семью, работу и хобби. Почему нет смайлика женщины с множество рук 😅
⠀
Я родилась и выросла в Санкт-Петербурге. Замужем. Воспитываем дочь 😊 Ей уже 1,5 года.
⠀
С юношества люблю рукоделие. И сейчас остановилась на вязании крючком. Хотя раньше думала, что крючок это очень сложно.
⠀
С апреля вышла на работу и теперь времени на творчество меньше, но я оптимистична и надеюсь все совмещать.
⠀
Давайте дружить 😊
⠀
Мне очень интересно узнать о вас, напишите, пожалуйста, о себе немного 🌷";1556005843;66;8698117018;False;мастерклассвязание
Bwm2o3EjmTM;"Трикотаж – практичный и долговечный материал. Вещи, связанные из такой нити, отлично носятся. Никакого особого ухода за ними не требуется.  Мы собрали самые интересные модели и изделия, которые легко сделать своими руками даже начинающим рукодельницам. 
1.Круглая сумка через плечо с бахромой👝
Круглые маленькие сумочки – маст-хев сезона лето 2019. Они смотрятся нарядно и стильно. По мере вязания можно регулировать ее вместительность и длину ремешка.
 Схема выполнения очень простая:
☀️набираете цепочку из 6 воздушных петель;
☀️закройте в кольцо с помощью соединительного столбика;
☀️сделайте по одному ст. б/н, вводя крючок в петлю предыдущего ряда;
☀️добавляйте количество ст. б/н в каждом новом ряду, пока не получится нужный диаметр;
☀️сделайте донышко, бахрому и ручку, как показано на схеме
☀️Получится стильная круглая сумочка. 
2.Прямоугольная сумка-клатч👜
Очень простой вариант практичного аксессуара. Этапы выполнения работы:
☀️наберите прямоугольник из пышных столбиков с накидом;
☀️выполните обвязку, чередуя 3 ст. б/н с 1 ст. с/н.;
☀️сделайте две одинаковых боковых части;
☀️иглой сшейте детали с изнаночной стороны;
☀️закрепите любую фурнитуру.
Красивый клатч – готов!
3.Небольшой, но вместительный рюкзак можно сделать своими руками🎒 Схема выполнения простая:
☀️наберите цепочку из 26 воздушных петель;
☀️обвяжите ст. с/н 4 ряда, чтобы получилось овальное дно;
☀️поднимитесь в высоту ст. б/н круговыми р. на 42 см;
☀️сделайте 1 ряд с дырочками для шнурка;
☀️отдельно выполните крышку и сшейте с изнаночной стороны;
☀️узором змейка наберите две лямки и пришейте к основанию спинки
4.Корзина – горшок🧺
Самая простая модель, техника выполнения которой подойдет и для других изделий. Выполняется очень просто:
☀️наберите 3 воздушных петли и закройте в кольцо столбиков подъема;
☀️провяжите 8-10 ст. б/н прибавками чтобы получилось плоское круглое дно;
☀️круг. рядами выполните боковую часть;
☀️на высоте 15-17 см наберите ручку из воздушных петель.
Получится мягкая корзина, которую можно использовать для хранения чего-либо или как кашпо для цветов.
Ссылка:https://yandex.ru/turbo?text=https%3A%2F%2Fklubok-schastya.ru%2Fvyazanie-iz-trikotazhnoj-pryazhi%2F";1556041904;57;8613808363;False;мастерклассвязание
Bwm3ziqjzTg;"Дорогие рукодельницы!!! 💐
Формирую заказ на пряжу, выкуп 27.04.2019!
...............
К заказу доступна пряжа производителей: 🧶#YarnArt
🧶#Alize
🧶#Nako
🧶#СеменовскаяПряжа
🧶#ПряжаизТроицка
🧶#Vita
🧶#Пехорка
🧶#Visantia .
..............
Все заказы, вопросы, уточнения жду в директ.";1556042516;53;12064206866;False;мастерклассвязание
Bwm5WjQDBuZ;"🧶 пряжа Vita COCO print.
✏️ состав: 100% мерсеризованный хлопок.
✏️ моток: 50 гр - 240 м.
✏️ цена: 86 руб";1556043327;82;12064206866;False;мастерклассвязание
BwmAzCFDexe;"Пряжа для летних проектов! 🌿Organic baby cotton от Gazzal!
Состав: 100-% органический хлопок 
Длина нити 115м/50 г
Рекомендуемый размер спиц: 4-4.5 мм
.
💰 Цена мотка - 90 р. .
🚗 доставка почтой, сдэк
.
💕 для заказа ставьте ➕ в комментариях или пишите в Директ
.
#gazzal #gazzalbabycotton
#вязаниеспицами #вяжутнетолькобабушки #вяжутнетолькобабушкиноимамочки #урокивязания #урокиспицами #урокивязанияспицами #явяжу #учусьвязать #люблювязать #мквязание #мастерклассыповязанию #мастерклассвязание #knitting #knitstagram #knittinglove #i_loveknitting";1556013676;76;7324765747;False;мастерклассвязание
BwmEOHXBHun;"До чего техника дошла! Вашу школу и там и тут передают. 😱
Это не техника дошла, а мы сами решили упростить вашу жизнь и создали приложение, в котором будут собраны все наши уроки! Как вам такая новость? 😏 🤗
⠀
Теперь не нужно заходить каждый раз на сайт, все будет доступно на телефоне! Интерфейс останется таким же, как и на сайте, а следовательно, работать с прилложением будет также удобно!💞
⠀
Приложение на данный момент доступно только для смартфонов на базе андроид. Для IOS выпуск состоится чуть позже.Чтобы скачать приложение нужно зайти через браузер на наш сайт с телефона, там появится всплывющее окно с предложением установить закладку на экран, после согласия иконка появится у вас на рабочем столе телефона🤗";1556015471;191;4243581788;False;мастерклассвязание
BwmHTJhDtfM;"ПОИГРАЕМ? 😏

Привет вам, от Вольного Мамонта 👋🏻
Предлагаю сегодня расслабиться и узнать, как бы вас звали, если бы вы были индейцем 😊
Смотрите 2 фото в карусельке, первый столбец - первая буква вашего имени, второй - первая буква фамилии 🙂
Пишите в комментах, что получилось, посмеёмся 😃";1556017085;94;5841428599;False;мастерклассвязание
BwmSV2WnjZ3;"💁🏼‍♀️Весна – не повод отказывать себе в удовольствии разнообразить гардероб вязанными вещами.
👆🏻Этот яркий пуловер из хлопка станет отличным дополнением к вашему весенне-летнему гардеробу.
⠀
РАЗМЕРЫ
38/40 (42/44) 46/48
⠀
🔰ВАМ ПОТРЕБУЕТСЯ
Пряжа (100% хлопка; 150 м/50 г) — 300 (350) 400 г ярко-розовой; спицы №4; круговые спицы №4.
⠀
ПЛОТНОСТЬ ВЯЗАНИЯ
16,5 п. х 28 р. = 10 x 10 см.
⠀
❗️ОСНОВНОЙ УЗОР
Число петель кратно 16 + 1 (9) 1 + 2 кромочные = вязать согл. схеме. На ней даны лицевые ряды. В изнаночных рядах все петли и накиды провязывать изнаночными, из 2 накидов подряд 1-й накид провязывать изнаночной, 2-й накид — изнаночной скрещенной.
Для 1-го и 3-го размеров начать с 1 кромочной, раппорт постоянно повторять, закончить петлей после раппорта и 1 кромочной.
Для 2-го размера начать с 1 кромочной и последних 4 п. раппорта, раппорт постоянно повторять, закончить первыми 5 п. раппорта и 1 кромочной, при этом по краю накиды, которые не компенсируются провязанными вместе петлями, и наоборот, заменить петлями лицевой глади.
Выполнить 1 раз 1—42-й ряды, затем выполнить 4 раза 43—46-й ряды. Эти 58 рядов постоянно повторять.
⠀
Выкройку и схему основного узора ищите в карусели👉🏻
⠀
1️⃣СПИНКА
Набрать на спицы 83 (91) 99 п. и для планки связать 1 см = 3 ряда платочной вязкой, при этом начать с 1 изнаночного ряда.
Продолжить работу основным узором.
Через 32 см = 90 рядов от планки закрыть для пройм с обеих сторон 1 x 8 п. = 67 (75) 83 п.
Через 50 см = 140 рядов (52 см = 146 рядов) 54 см = 152 ряда от планки закрыть все петли, при этом средние 27 п. образуют горловину, внешние по 20 (24) 28 п. — плечи.
⠀
2️⃣ПЕРЕД
Вязать, как спинку, но через 37 см = 104 ряда (39 см = 110 рядов) 41 см = 116 рядов от планки закрыть для горловины среднюю петлю и обе стороны закончить раздельно.
Для скоса по внутреннему краю закрыть попеременно в каждом 2-м и 4-м ряду 8 x 1 п., а также в каждом 2-м ряду закрыть 5 x 1 п. На высоте спинки закрыть оставшиеся по 20 (24) 28 п. плеч.
ПРОДОЛЖЕНИЕ В КОММЕНТАРИЯХ⬇️⬇️⬇️";1556022874;43;9405976798;False;мастерклассвязание
Bwn2kFAj2C3;"Милота этих чудо-пингвинят зашкаливает! ❤️Удовольствие от работы гарантировано! 
Держите описание от @katerina_gushchina_.
...............
p.s.:девочки, не забываем указывать автора мастер-класса(@katerina_gushchina_) при публикации фото своих готовых работ. Также прошу учесть пожелания автора и отметить готовую работу #сладкиепингвинята2018 😍😍😍";1556075420;183;12064206866;False;мастерклассвязание
Bwn9jnNDUoL;"Классические и бабушкины петли.

Для вас и для себя решила сделать этот полезный пост)
Не всё же недовязы свои показывать и про памперсы рассказывать😂 
Бабушкина лицевая- правую спицу вводим в петлю ,прихватываем нитку с указательного пальца левой руки и протягиваем через неё нить.Это второе фото в карусели.На нём чётко видно две стенки петли,и как видно в бабушкином способе мы лицевую вяжем за заднюю стенку (которая дальше). Бабушкина изнаночная- нитку перебрасываем через левую спицу от себя на указательный палец.Правую спицу пропускаем под нитку и вводим в петлю справа налево,захватываем нитку с пальца сверху вниз и движением от себя вводим нитку с правой стороны в петлю. В карусели это фото номер 3)

Классическая лицевая- правую спицу вводим в петлю на левой спице  справо налево и протягиваем нитку. Т.е вяжем за переднюю стенку, 4 фото в карусели.
Вязка более плотная получается,не растягивается.

Классическая изнаночная - Рабочая нить под левой спицей.Правую спицу вводим в провязываемую петлю слева направо за заднюю стенку под левую спицу.Захватываем рабочую нить и продергиваем её от себя.В карусельке 5-е фото.

#вязанноеполотно #вязаниемоехобби #обучениевязанию #мастерклассвязание #вяжемдетям #вяжунемогуостановиться #вяжупряжу #вязаниемояжизнь #вязаниебезслез #strikkedilla #strikking #strikk #strikkerepåsnapchat #knittingmom #knittingismyyoga #knittaddict #knitspo #knitting_inspiration #knittersofinstagram #knitknitknit #люблювязать#вязаниемоехобби #красноярскфото #петли#классическиепетли";1556079086;48;6212165546;False;мастерклассвязание
BwnCxS_Dz-N;"🔴 🔴 🔴
 ВНИМАНИЕ, РУКОДЕЛЬНИЦЫ!
⠀
В ближайшее время я хочу выпустить МК на эту зайку🐰
⠀
Я ищу группу из 3-4 человек, для тестирования мастер-класса🤗
⠀
💕Что нужно от вас:
- Связать зайчика по моему описанию. Можно из плюшевой пряжи или из любой другой, на ваш вкус.
- Сообщить мне об ошибках, если таковые имеются.
- Показать мне результат.
Срок исполнения 2 недели.
⠀
💕Материалы:
- два мотка плюшевой пряжи
- один моток JarnArt для платья
- глазки и носик
- черная хлопковая ниточка для лапок";1556048265;40;12562090010;False;мастерклассвязание
Bwo3GohBugL;Вяжем кружевную ленту с бусинками МК на нашем канале ссылка в профиле 👉@studio_elena_rugal ... #мастеркласс #вязаныеидеи #еленаругаль #вязаниееленаругаль #вязаныйшнур #вязанаялента #вязаноекружево #вязание крючком #вязаниемоехобби #вязаниеслюбовью #люблювязать #мастерклассповязанию #мастерклассвязание #мквязание #мкшнур;1556109257;11;12897946636;False;мастерклассвязание
BwoA4NNDaTX;"Собираетесь майские праздники провести на природе? 🌿⠀
⠀
И не знаете чем занять ребёнка в машине🤔🚙?⠀
Хотите чтобы ваш малыш посидел, поиграл спокойно, пока вы режете салат🥗, а Папа готовит шашлык 🍖 на мангале?⠀
⠀
Выход есть!⠀
• С набором Кролик 🐰 🥕вы сможете отвлечь ребёнка в дороге, не прибегая к просмотру мультфильмов 👍🏻⠀
• Занять его во время подготовки к пикнику 🏕⠀
• Так же мой набор - это обучающий материал 🧩👍🏻⠀
Можете тренировать счёт, учить цвета, развивать моторику, играть в ролевые игры.⠀
⠀
Для обсуждения деталей и цветового решения заказа пишите мне в Директ ✍🏻⠀
⠀
Кролик 🐰 🌸🍓⠀⠀⠀
~~~~~~~~~~~~~~~⠀⠀⠀⠀
⠀⠀⠀⠀⠀⠀
🌿Полухлопок 55% хлопок; 45% полиакрил.⠀⠀⠀⠀
🌿Наполнитель холлофайбер. ⠀⠀⠀
🌿Глаза - вставки шайбы с надежным креплением.⠀⠀
🌿Нос - вставка с надежным креплением.⠀⠀
🌿Рост 23 см.⠀⠀⠀
🌿• Съёмный рюкзак 🎒 ⠀
• Морковка 🥕 🥕🥕 3 шт.⠀
• Съёмные сапожки.⠀
• Съёмное шейное украшение 🌹⠀
• Съёмный ободок с цветами 🌸🌸🌸🌸⠀
• Поляна с цветами 🌼🌼🌼 3 шт.⠀
• Корзинка 🧺🌼⠀
• Клубника 🍓🍓🍓🍓🍓🍓🍓 7 шт.⠀⠀
⠀⠀⠀⠀⠀⠀
🌿Стоимость 1800₽⠀⠀⠀⠀
🌿Доставка бесплатная.⠀⠀⠀
🌿Упаковка:⠀
• почтовая коробка;⠀
• крафт наполнитель;⠀
• упаковочная бумага.⠀⠀⠀
🌿Оплата на карту Сбербанка или PayPal.⠀⠀⠀
🌿Для заказа ✍🏻 напишите в Директ.⠀⠀⠀
⠀⠀⠀
#яна_связала⠀
#яна_можетповторить⠀
⠀";1556080828;296;4621476342;False;мастерклассвязание
BwoGXuDjqcf;"История создания моих игрушек🤔

Итак.
Во первых, МОИ игрушки созданы из безопасных, натуральных материалов. А это 100%хлопок или 50акрил/50х/б , а также использую иногда полушерсть. А плюш хоть и не натуральный, НО он гипоаллергенный.

Во вторых, как я их создаю?МОИ  игрушки связаны по вдохновению это очень хорошее чувство, когда к тебе приходит волна творить и они получаются с ЛЮБОВЬЮ. На заказ выполняю с подходом к пожеланиям клиента.

А ещё свои игрушки я бережно упаковываю в красивые коробочки с прозрачным окошком. И конечно красивую ленту. 🎁Бонус кладу в каждую коробочку.
**************************
Ставьте волшебные ❤️
Что ещё рассказать? Спрашивайте.
Расскажите как Вы создаёте свои творения?👇 Очень интересно послушать. Может у ваших игрушек есть, какие то волшебные истории. Про это поговорю в следующих постах.";1556083707;102;7689817381;False;мастерклассвязание
BwoI_k6jUxA;"Мне не хватало пряжи, на полке лежало всего 4 пасмы, и на глаза попалась одна косичка цвета ""ежевика"", немного темнее выбранного мною цвета.
Вместо обычного полосатика решила связать плавный переход от мотка к мотку с чередованием цветов в месте перехода. 😊
Вязать по задумке из головы, сразу же получив превосходный результат, это не про меня. 😄 Рисунки, схемы, расчеты... я могу пройти по этому кругу не один раз, чтобы получить вариант, который мне хоть немного будет нравиться. 😅
Результат меня устроил, думаю, что такой переход от цвета к цвету можно использовать и при смене мотков с одинаковым цветом по артикулу, но по факту имеющих незначительное отличие в оттенке из-за разницы партий или банального выгорания мотка на солнце.
💡 При вязании верхней части примерно определила высоту изделия, на которую уходит один моток, примерно такое количество рядов (немного меньше) оставила для другого цвета.
💡Переход высотой около 5см (12 рядов), чередовала ряды следующим образом:
🍏основной цвет
🍎 1 ряд дополнительный
🍏2 ряда основной
🍎2 ряда дополнительный
🍏1 ряд основной
🍎3 ряда дополнительный
🍏1 ряд основной
🍎дополнительный
.
P.S. Результат - на фото 😉 А изначально я вообще хотела серое пальто 😀";1556085082;47;9162441944;False;мастерклассвязание
BwoK-bpDC7I;"БЕСПЛАТНОЕ ОПИСАНИЕ от мастера @onehedgehog 
Описание для размера 54-57 см

Плотность 20п на 10см 
понадобится
Пряжа Drops Nepal (1101, 2920, 2923, 8911, 0612)
2 мотка основного цвета и любые остатки сладки👌
спицы номер 3 и 4
трикотажная игла

Набираем 108 петель на спицы номер 3 итальянским набором. Вяжем два ряда полой резинки, затем соединяем в круг и вяжем далее резинкой 1х1.

Либо изначально набираем петли способом ""длинный хвост"" 108 петель+1 петля для замыкания в круг. И сразу вяжем по кругу резинкой 1х1.

Я провязала резинкой 32 ряда. Можно провязать больше или меньше рядов. Это дело вкуса👌

Дальше я поменяла спицы с 3 на 4. (Это делаю для того, что б резинка была более упругая)
И теперь все изделие буду вязать на спицах номер 4.

Провязала 7 рядов нитью основного цвета, и в следующем 8 ряду я начинаю приступать к вязанию жаккарда по схеме.

Рапорт схемы - 6 петель. 
Цвета можно подобрать любые, главное, выбирайте яркие, контрастные цвета. Тогда ваш жаккард будет смотреться наряднее и ярче.

Самый основной секрет жаккарда - не натягивать сильно нить при вязании. Вяжите свободно и не бойтесь путающихся клубков🤗

После того, как закончился жаккард, я провязала нитью основного цвета один ряд. И теперь я приступаю к убавкам.

У этой шапки делать убавки лучше по рисунку жаккарда, то есть мы убавляем в первом ряду убавок каждую 6 петлю. Просто провязываем две петли вместе с наклоном вправо. И дальше у нас должна сформироваться бороздка из убавок.

1р. Каждую 5 и 6 петлю вместе за правую стенку. (на спицах 90п)
2р. 3р. Без убавок
4р. Каждую 4 и 5 петлю вместе за правую стенку. (на спицах 72п)
5р. без убавок.
6р. Каждую 3 и 4 петлю вместе за правую стенку. (на спицах 54 п)
7р. Каждую 2 и 3 петлю вместе за правую стенку. (на спицах 36 п)
8р. Каждую вторую петлю вместе. (на спицах 18 п)
9р. Каждую вторую петлю вместе. (на спицах 9п)

Теперь можно отрезать нить с хвостиком в 10-15 см и с помощью трикотажной иглы стянуть оставшиеся петли. Хвостики заправить.

Можно сделать помпон из ниток. (на средний уходит примерно половина мотка) Помпоны из меха по моему мнению не очень подходят к жаккарду.
⠀

#описаниеLHK 
#вяжутнетолькобабушки #вяжутнетолькобабушкиноимамочки";1556086121;1544;4796792842;False;мастерклассвязание
BwoMI9qh6vS;"“Мама, а ты знала, что раньше вязали только мужчины?”,- спросил меня однажды ребенок. “Правда? Нет, не знала, расскажи”,- немного приврала я (когда-то я об этом слышала)
“Мужчины вязали себе сети, чтобы ловить рыбу”,- сказал мне сын, и с видом победителя ушел в закат.🙈😁
Уж не знаю, где он это услышал, но это действительно правда. Оказывается, изначально, не женское это было дело.😏
⠀
Коснемся истории. Первое упоминание о вязании было еще более четырех тысяч лет назад! ⏳В Египте ученые нашли в одной из гробниц фараонов детский вязаный носок. Большой палец был вывязан отдельно, так как в то время носили обувь, похожую на нашу пляжную.
⠀
С ростом мастерства началась новая эпоха вязания. Предполагают, что в  Европу вязание проникло через египетских христиан. В миссионерские поездки они брали с собой вязаные вещи, которые привлекали всеобщее внимание. Вот так они колесили по свету, и к ХIII веку вязание стало довольно доходной отраслью промышленности.👚👕👗
⠀
Интересно, что мужчины боролись с женской конкуренцией специальными договорами. В 1612 году Пражские чулочники заявили, что под страхом денежного взыскания не примут на работу ни одной женщины! Ха-ха😁 Позднее, когда вязание широко распространилось, им стали заниматься прежде всего женщины. Но мужчины еще не полностью отдали нам этот пласт рукоделия, кто-то все равно еще увлекается. 🙃
⠀
Конечно, вязание тех времен кардинально отличается от того, что мы умеем сейчас. Представляете, в какое прекрасное время мы живем? Молодцы кочевники, что поделились со всем миром таким прекрасным занятием, как вязание! Нам остается только совершенствоваться в мастерстве. 👍🏅";1556086732;254;4243581788;False;мастерклассвязание
BwoMSbjjdzp;"Особенности вязания по кругу от мастера @evvash_ . ⠀
Переход на новый ряд, так называемая «ступенька». Как ее избежать? ⠀
⠀
1. Первую петлю ряда снимаем не провязывая, при этом маркёр начала ряда перевешиваем после неё (теперь это последняя петля нашего ряда), и так делаем до тех пор пока не закончится жаккардовый узор, при обычном вязании так делать не надо 😶⠀
2. На схеме мы также сдвигаемся на одну петлю вперёд (то есть первую петлю на схеме мы пропускаем и начинаем вязать со второй, третьей, четвёртой и так далее) движение происходит по диагонали 😉";1556086810;1166;4796792842;False;мастерклассвязание
BwoMXHsDNV3;"Мастер класс по этим следочкам почти готов🙂
Подробно разобраны все сложные моменты в видео инструкции с сопровождением краткого описания. Научитесь вязать следочки без швов, красивую форму мыска и другие хитрости😃
Пока заканчиваю последние приготовления, открыта предварительная запись на МК следочки""косы"". Стоимость сегодня и завтра 350р, далее цена 500р. Запись в Директ или по ссылке в шапке профиля 👉";1556086848;34;5800633735;False;мастерклассвязание
BwoNN03htNJ;"Второй этап брелочка😉

Следующий этап 26апреля.

Всем хорошего дня💕
Будут вопросы👉пишите,пжл, в комментариях.

#мастерклассвязание #бесплатноеописание #бесплатныемк #бесплатныймастеркласс #совместник #popovamklass";1556087296;28;5568632955;False;мастерклассвязание
BwoYQXOjOlJ;"[АНОНС О МАСТЕР-КЛАССЕ]

Хотите, чтобы у вас на полке стояла удобная и практичная корзина из натурального джута?
⠀
А хотите связать её сами? Согласитесь, вещь, сделанная своими руками для любимого дома особенно греет душу. Да что там говорить, и гордость вызывает😊
⠀
Так вот, спешу вам сообщить, что совсем скоро, а точнее в понедельник, будет доступен к приобретению мастер-класс именно по этой корзине🙌
⠀
Что можно связать по этому мастер-классу?
- корзину из натурального джута диаметром 22 см, высотой 7 см.

Для кого этот мастер-класс?
- ааабсолютно для всех! Сможет связать даже тот, кто крючок в руке никогда не держал. Мастер-класс очень подробный👌
⠀
Какие материалы будут необходимы?
- крючок номер 7;
- 3 моточка джутовой нити по 100 м;
- 5 м каната диаметром 6 или 8 мм.
(джут можно приобрести у меня😉)
⠀
Итааак, следим за новостями и готовимся к творчеству👐
____________________
Также эту корзину можно приобрести у меня
Цена 1200 руб.
#корзина#корзины";1556093084;253;7592198387;False;мастерклассвязание
BwohUzRjUCU;"Здравствуйте, мои дорогие! 😘
Сегодня делюсь способом обратного набора петель. Это отличный вариант для вязания изделий с отворотом, например, шапочек.😉👍Ваши вещи будут смотреться очень аккуратно и красиво😍
***********************
Смотрите, пожалуйста, видео и повторяйте. Не забудьте себе сохранить☝️, ну а мне ❤️за старание 😊
***********************
Ровных петелек всем-всем!😘
************************
Все полезные мини-уроки здесь➡️ #rovnaja_petelka_mk";1556097839;360;5829277603;False;мастерклассвязание
BwolzTpjgcz;"По просьбам БЕСПЛАТНОЕ ОПИСАНИЕ вязания бесшовной шапочки с ушками от @velena_hm #velena_мк_бесплатно 😉👇 Сохраняйте, нажав на флажок и благодарите ❤️
.
1. Пряжа около 70 гр для размеров 40-46 (на возраст от рождения до года). Baby wool от ALIZE 175м в 50 гр. Вязать буду в 3 нити, чтобы получить метраж 105м/100гр. Можно использовать любую пряжу с подобным метражом. Это могут быть… BABY COTTON XL от GAZZAL
105м/50гр в 2 нити. Детский Каприз от Пехорки в 4 нити.
⠀
2. Спицы 2 шт, чулочные или круговые N 3,5.
⠀
3. Ножницы.
⠀
4. Игла трикотажная.
⠀
5. Крючок вязальный, размер которого мЕньше или соответствует номеру спиц.
⠀
6. Сантиметровая лента.
⠀
7. Бросовая пряжа (не много).
.
Снимаем две мерки.
⠀
1. Окружность головы (ОГ)
2. Глубина шапочки (ГШ) - измеряем от бровей до окончания места роста волос на затылке. Делим это значение на 2 – получаем искомое значение.
⠀ .
По значениям ширины образца рассчитываем высоту шапочки (Гл).
.
Значение ""петельной"" пробы 1,6 х 2,7
⠀
Беру за основу табличные значения: Гл = 14 см и ОГ = 40 см.
.
14 Х 1,6 = 22,4 петли (округляю до целого числа.)
.
Наборный ряд = 22 п. Аналогичным образом вычислите значения для других размеров.
⠀
Рассчитываю необходимое число рядов шапочки. Мерка ОГ и значение ""петельной"" пробы в рядах.
⠀
Для хорошего прилегания изделия беру значение ОГ, уменьшенное на 3-4 см.
⠀
40 - 4 = 36 см. В моём образце в 10 см 27 рядов. Однако, при легком растяжении это значение уменьшается легко до 22 рядов. Беру за основу цифру 22.
⠀
40 (значение ОГ) Х плотность 2,2 = 88 рядов.
⠀
Столько рядов нам нужно провязать, чтобы получить при моей плотности шапочку нужного 40-го размера.
⠀
Важный момент! Для красивого заднего шва общее число рядов должно быть четным!
⠀
Шапочка вяжется поперек, состоит из 6-ти клиньев. Смотрим схему и рисуем свою, подставляя собственные вычисленные значения.
⠀
Откладываем на прямой мерку ОГ. Теперь нужно разделить значение мерки на 6 (по числу клиньев). Но, поскольку, никогда ровное значение не получается, находим цифру рядом с нашим значение, которая будет кратна 6 (т.е. будет делиться на 6 ) Это цифра 90.
.
Продолжение в комментарии👇";1556100186;3001;3077299896;False;мастерклассвязание
BwoqwWvBWp-;"Жалеете ли вы, что когда-то упустили возможность? Возможность связать свитер Лоран в качестве участника тест группы? Не печальтесь, все поправимо!🙏
⠀
🕐Вы хорошо вяжете и у вас в профиле есть фото связанных вами изделий?
🕓Фото хорошего качества, с интересной композицией?
🕖Ваша душа нараспашку,  а профиль открыт? (чтобы мы могли его посмотреть)
🕘Раз читаете этот текст, значит уже подписаны на нашу страничку?,
Если на эти вопросы вы ответили утвердительно, смело пишите в комментариях под этим постом “Хочу в тест группу” ⠀
Мы выберем нескольких мастериц и  пригласим их связать чудеснейший свитер, который идеально подойдет как для весны, так и для лета, т.к он абсолютно не жаркий. Вам нужно будет выбрать любимый цвет пряжи и приступить к вязанию.👏
⠀
Ждем заявок!✍";1556102783;294;4243581788;False;мастерклассвязание
BwpKzmzDt41;"Я не азартная.. но от Любы мк?! Это истинное удовольствие! Чётко,  понятно, свои техники исполнения! 🎓📚
👌💖 Рекомендую! 
@lubov_lumoda Приятность! ХОЧУ! 😍
#lumodaдаритмк 😉👏
#описание #мастеркласс #мастерклассвязание #вязаниенамашине #машинноевязание #вяжунамашинке";1556119587;18;4904028595;False;мастерклассвязание
BwpL1jqDkXJ;"Всем приветик🙌
Небольшая зарисовка по нашему ассортименту ❤️наш адрес и режим работы 😍
⠀
Чтобы сегодня не перегружать ленту, будет небольшой  фильм о красоте, ради которой мы все здесь собрались. 😍
Хорошего вам Солнечного 🌞 дня и УДАЧИ всем 👌👍❤️
⠀
Если вас что-то интересует, пишите не стесняйтесь . Всегда найду время ответить каждому.
⠀
☀️-Как к нам добраться? -И какой у нас режим работы?
⠀
☀️Режим работы: 10:00-20:00 без перерыва и выходных.
⠀
☀️Находимся мы г.Москва.
Метро Войковская.
Детский , развлекательный центр “BabyStore”. Старопетровский проезд  д1 строение 2.
⠀
☀️Центральный вход ,налево 15 метров до эскалатора ,на 2-й этаж , прямо 15 метров , по левой стороне.
⠀
☀️Тел:+7 910 42 55 66 1.
⠀
Ждем, любим и вяжем с @olinda_shop_moscow.
⠀
#вязатьмодно  #итальянскаяпряжа  #бобиннаяпряжа
#студияпряжи #купитьпряжумосква
#пряжасяком #кашемиршёлк #твидоваяпряжа #пряжамосква #пряжахлопок
#вяжутнетолькобабушки #пряжапайетки
#пряжаслюрексом #мохер #мохерслюрексом #BabiStore #вязаниемосква
#пряжамеринос #пряжакашемир #пряжатвид #пряжаальпака
#мастерклассвязание #ангора";1556120152;163;11544129281;True;мастерклассвязание
BwpNb2MH5cR;"Хотите поучаствовать в проекте где каждый получит 22 мастер класса ?
Ни каких лотерей, розыгрышей и правил. 
Вот серьезно. 22 мастер класса в группе @project.n22
Нужно просто вступить в неё и подписаться на 11 спонсоров ( уверена Вы уже на них подписаны)
И ещё нужно открыть страницу до 22 мая, иначе мы не сможем проверить подписку. 
Старт 1 мая и именно в этот день мы закроем группу и доступ станет платным. Так что не стоит медлить 🏃🏽‍♀ успейте запрыгнуть в рукодельное путешествие длиной 22 дня.
Шапки, свитера, кардиганы, детский комбинезон, ковры... 👏🏼
Я думаю уже догадались какое описание будет от меня )

До 1 мая вход в группу бесплатный.
1 мая вход будет стоить 100 руб, далее +50 руб каждый день. К концу проекта входной билет будет стоить 1150.
.
Отмечу, что подписки будет проверять специальный человек и, если условия не соблюдены, подписчик попадает в блок. Выйти из него можно, вход автоматически станет платным.
.
Описания исключительно для личного использования. Давайте уважать труд мастеров 🙏🏼 Кто со мной ? Жду ваши коментарии ) понравилась идея ? .
Подписывается  @project.n22

#сделайсам #вяжутнетолькобабушки #мквязаниеспицами #учувязать  #мквязание #явяжу #люблювязать  #вяжемвместе #вяжукрючком #мквидео #видеовязание #дизайндома #вязаныйковер #круглыйковер #ковервдетскую #трикотажнаяпряжа  #вязаныйпуф #декор #самсебедизайнер  #дизайнквартиры #мастерклассвязание #когдаужтепло #ковер  #трикотажнаяпряжа #хлопковыйшнур #тпряжа #мастерклассвязание #сделайсама #скандинавскийстиль";1556120965;2837;716863446;False;мастерклассвязание
Bwq2NGdB3uB;"Хотите эксклюзивное пальто, стоимостью полтора миллиона или носки по цене автомобиля?😎 Любой каприз за ваши деньги! Эти цены взяты не с потолка, на самом деле существуют такие товары, за которые просят целое состояние! В чем секрет? 🤔
А в том, что эти вещи сделаны из шерсти редкого животного- викуньи. ☝
⠀
Драгоценную шерсть викуньи справедливо называют мягким золотом Анд или Золотым Руном. Стрижка животных производится только раз в два года, и с одного взрослого животного состригают не более 250 грамм шерсти, которая после обработки сокращается до 120 грамм волокна. За килограмм цена может достигать около 1000 долларов, а один метр ткани, содержащей 300 гр. этой шерсти, стоит около 3000 долларов.🙈
⠀
 Ценность шерсти викуньи придают не только её естественные безупречные характеристики. Важным фактором является невозможность содержать животное в неволе. За тысячи лет людям так не удалось одомашнить это  животное. Вся шерсть собирается с животных, которые сваободно обитают в природе. Собственно, из-за проблем со сбором шерсти, и получается такая высокая цена.😕
⠀
Шерсть викуньи очень легкая и прочная, она очень хорошо сохраняет тепло. А вот окрашивание и любые химические воздействия, приводят к потере всех редких свойств и качеств этой шерсти. Поэтому цвет изделий из шерсти викуньи один и тот же – золотисто-коричневый.
⠀
Из-за столь высокой цены, за изготовление вещей из этого материала берутся только знаменитые модельеры и брендовые производители.
А какую самую дорогую пряжу использовали вы для своих изделий?";1556175895;289;4243581788;False;мастерклассвязание
Bwq54kLjblt;"ПРИЯТНОГО ВЯЗАНИЯ!🌷⠀
⠀
Размер бантика получился 5,5 см.⠀
⠀
Необходимые материалы: полухлопковая или хлопковая пряжа (у меня YarnArt Jeans), крючок (у меня 2,5 мм), иголка, прозрачная резинка для волос, ножницы.⠀
⠀
Процесс вязания:⠀
⠀
Набираем цепочку из 12 воздушных петель, плюс ещё одну петлю подъема.⠀
⠀
1 ряд: 12 столбиков без накида, начиная со 2 петли от крючка, в конце ряда делаем воздушную петлю подъема и разворачиваем вязание.⠀
⠀
2-12 ряды: вяжем 12 столбиков без накида, в конце каждого ряда делаем воздушную петлю подъема и разворачиваем вязание.⠀
⠀
В последнюю петлю 12 ряда провязываем 2 столбика без накида для того, чтобы угол бантика получился округлым (таким образом в каждой угловой петле нужно провязать 2 столбика без накида).⠀
⠀
Далее обвязываем 3 стороны бантика столбиками без накида, на 4 стороне бантика обвязываем столбиками без накида только 6 петель, затем делаем соединительный столбик и отрезаем нить длиной 20 см.⠀
⠀
Складываем полученный квадрат гармошкой, сшиваем центр бантика и обматываем нить вокруг его центра. Затем берём резинку и размещаем ее с изнаночной стороны, далее продолжаем обматывать центр бантика, пропуская нить через резинку, тем самым мы закрепим резинку к бантику.⠀
⠀
В конце обмотки делаем узелок и отрезаем нить, оставшийся кончик прячем под столбиками.⠀
⠀
Вот и все! Бантик готов 🎀";1556179164;86;9729337480;True;мастерклассвязание
Bwq7XQHjb-P;"📌Урок 12. Кольцо амигуруми (завершение).
🌠Все уроки собраны под хэштегом #уроки_вязания👣за🐱
🌠Не забывайте, пожалуйста, нажать на 💞, чтобы видеоурок смогли посмотреть как можно больше людей.
🌠Сохраняйте в закладки, чтобы не потерять👌
🌠Подписывайтесь, чтобы не пропустить информацию👆.
📌Я делаю своего рода видеоучебник бесплатно, друзья. Всё важное собирается в одном месте для тех, кому реально будет это удобно и полезно с нуля.
🐾🐾🐾
🌠Мы сделали скользящую петлю, а что дальше? 
На крючке у нас есть петелька,  превратим её  в столбик без накида.  Для этого вводим крючок в наше большое кольцо,  захватываем рабочую нить,  вытягиваем и через 2 петли на крючке снова протягиваем нить.  Получаем первый столбик без накида. Далее вяжем в кольцо еще нужное количество столбиков без накида. Чаще всего, за исключением отдельных случаев,  в сумме делается 6 СБН.
В описаниях часто пишут: «Сделайте 6 СБН в кольцо амигуруми». Вот мы и сделали.  Обычно этот провязанный ряд считается первым рядом. После того как начало положено, следует вязание по кругу,  а точнее по спирали без подъемных и соединительных петель.
🌠 А как вы делаете кольцо амигуруми? Или может используете другие способы?
------------------------------------------------
#учимсявязать
#вяжемкрючком #вяжемвместе #уроквязания #уроквязаниякрючком #вяжемснуля #научитевязать #будемвязать #вязаниедляначинающих #вязаниедлявсех #мастерклассвязание #урокивязания #школавязания #школавязаниякрючком #кольцоамигуруми #вяжутвсе #хочунаучитьсявязать";1556178640;107;9140403413;True;мастерклассвязание
Bwq_e8VDpAs;"Пожалуй, я никогда столько не материлась и не смеялась, как при съёмке и монтаже мастер-класса.
⠀
Снимала по пять дублей на каждый ряд корзины. Казалось, что я объяснила недостаточно внятно или что-то забыла сказать, и тогда не всем будет понятно.
⠀
Только с пятого раза удавалось сказать нечто цельное без эээ и бэээ (декрет сделал свое дело, слова в предложения складываются с трудом 😂).
⠀
Но не зря ж у меня многолетний опыт преподавания, поэтому...
⠀
Поэтому мастер-класс получился подробный и понятный даже первокласснику. Связать корзину сможет любой желающий, даже если вы впервые встретились с крючком🙌
⠀
И напоминаю, что в понедельник видеомастер-класс по вязанию корзины из джута станет доступен к приобретению. Подробности в предыдущем посте🙌
⠀
Фото @p_i_n_k_1001 ❤️";1556180760;161;7592198387;False;мастерклассвязание
BwqkI0WATec;"По просьбам БЕСПЛАТНОЕ ОПИСАНИЕ вязания бесшовной шапочки с ушками от @velena_hm #velena_мк_бесплатно 😉👇 Сохраняйте, нажав на флажок и благодарите ❤️
.
1. Пряжа около 70 гр для размеров 40-46 (на возраст от рождения до года). Baby wool от ALIZE 175м в 50 гр. Вязать буду в 3 нити, чтобы получить метраж 105м/100гр. Можно использовать любую пряжу с подобным метражом. Это могут быть… BABY COTTON XL от GAZZAL
105м/50гр в 2 нити. Детский Каприз от Пехорки в 4 нити.
⠀
2. Спицы 2 шт, чулочные или круговые N 3,5.
⠀
3. Ножницы.
⠀
4. Игла трикотажная.
⠀
5. Крючок вязальный, размер которого мЕньше или соответствует номеру спиц.
⠀
6. Сантиметровая лента.
⠀
7. Бросовая пряжа (не много).
.
Снимаем две мерки.
⠀
1. Окружность головы (ОГ)
2. Глубина шапочки (ГШ) - измеряем от бровей до окончания места роста волос на затылке. Делим это значение на 2 – получаем искомое значение.
⠀ .
По значениям ширины образца рассчитываем высоту шапочки (Гл).
.
Значение ""петельной"" пробы 1,6 х 2,7
⠀
Беру за основу табличные значения: Гл = 14 см и ОГ = 40 см.
.
14 Х 1,6 = 22,4 петли (округляю до целого числа.)
.
Наборный ряд = 22 п. Аналогичным образом вычислите значения для других размеров.
⠀
Рассчитываю необходимое число рядов шапочки. Мерка ОГ и значение ""петельной"" пробы в рядах.
⠀
Для хорошего прилегания изделия беру значение ОГ, уменьшенное на 3-4 см.
⠀
40 - 4 = 36 см. В моём образце в 10 см 27 рядов. Однако, при легком растяжении это значение уменьшается легко до 22 рядов. Беру за основу цифру 22.
⠀
40 (значение ОГ) Х плотность 2,2 = 88 рядов.
⠀
Столько рядов нам нужно провязать, чтобы получить при моей плотности шапочку нужного 40-го размера.
⠀
Важный момент! Для красивого заднего шва общее число рядов должно быть четным!
⠀
Шапочка вяжется поперек, состоит из 6-ти клиньев. Смотрим схему и рисуем свою, подставляя собственные вычисленные значения.
⠀
Откладываем на прямой мерку ОГ. Теперь нужно разделить значение мерки на 6 (по числу клиньев). Но, поскольку, никогда ровное значение не получается, находим цифру рядом с нашим значение, которая будет кратна 6 (т.е. будет делиться на 6 ) Это цифра 90.
.
Продолжение в комментарии👇";1556166423;3550;1925069425;False;мастерклассвязание
BwquSdsADql;"Не забывайте вкладывать любовь во все что вы делаете💕
⠀
Доброе  утро 🌍 🌸
⠀
На финише новенький плюшевый кардиган шикарно темно серого цвета🤗🦄
⠀
#pinterest
#вязаниеукраина
#himalayadolphinbaby
#вчзаныйкардиган
#knitting
#knitted
#handmade
#узорсоты
#мккардиган
#мастерклассвязание";1556171744;30;5713792754;False;мастерклассвязание
BwqvU8ljXlI;"Доброе утро ☀️ ...
Рада представить вам МК #джемпер_fluffy_cloud 💖 
Благодаря этому мастер классу вы сможете связать джемпер с 40 по 50 размер. 
Рекомендуемая пряжа 🧶 - ангора - пух норки
И !!! ВНИМАНИЕ !!! можно связать летний вариант (хлопок/микрофибра) для прохладных вечеров из пряжи фирмы LETTO.

Описание на 11 страницах в pdf формате + много фото. Обязательно отвечу на возникшие вопросы 🤗 Справится даже новичок 🥰

Только сегодня 25 апреля до 23:59 по Москве в честь выхода МК 🥳 цена 🔥350 ₽🔥 Обычная цена 450 ₽. Всех, кто приобретет МК, ждёт от меня небольшой бонус🤩 : напишу контакты девочек, у кого самые низкие цены🍭 на пряжу ❤️ И да, этот джемпер в наличии со скидкой, размеры уточняйте в Директ #knitting_of_dream_наличие #мквязание #мастерклассвязание #описаниевязания";1556172289;207;3619050939;False;мастерклассвязание
BwrAS5vDVzW;"Схема в карусели. ➡️
Материалы
Пряжа Bernat® Softee Chunky (100% акрил, 100 г/99 м) 2 мотка, крючок 8 мм
Плотность вязания
7 ст. б/н и 8 рядов = 10х10 см

Описание

Резинка:
Набрать 7 возд.п. и вязать 1 ряд за задние стенки петель соед. ст. в каждую возд.п., начиная со 2-ой возд.п. от крючка, повернуть
вязание и вязать по 1 соед. ст. в каждую петлю = 6 соед. ст. Повторять послед. ряд на высоту 53.5 см от наборного края, закончить
в изн.р., нить НЕ отрезать. Соединить наборный край с последним рядом: вязать за задние стенки петель послед. ряда и оставшиеся стенки возд.п. наборного края соед. ст. в каждую петлю. Повернуть вязание и продолжить вязание по схеме.

Примечание: в начале каждого круга набирать 3 возд.п. подъема.

В 1-ом кругу должно быть провязано 40 ст.с/н. Далее вязать 2-6 круги по схеме, повторять последние 5 кругов на высоту 20.5см от наборного края, закончить в 6-ом ряду кругу узора. 
В след. кругу начать убавления:
1 круг: 3 возд.п., 8 раз (3 выпуклых ст. с/н, пропустить след. петлю, 1 вогнутый ст. с/н), соед. ст. в первый столбик = 32 п.
2 круг: 3 возд.п., 8 раз (3 выпуклых ст. с/н, пропустить след. петлю), соед. ст. в первый столбик = 24 п.
3 круг: 3 возд.п., 8 раз (2 выпуклых ст. с/н, пропустить след. петлю), соед. ст. в первый столбик = 16 п.
Отрезать нить и протянуть ее через оставшиеся столбики, затянуть нить и закрепить с изн. стороны. Сделать помпон и пришить его к шапке.";1556181185;479;4796792842;False;мастерклассвязание
BwrCBJYD8DU;"Бесплатное описание от @hristina.with.love😍
⠀
Варежки без пальчика на малышей 6-9 месяцев.
—————
Пряжа:
- #dropsmerinoextrafine 100% меринос 105м/50гр. в 2 нити;
- #bbbpremiere 100% меринос 125м/50гр. в 2 нити;
- #dropsbabymerino 100% меринос 175м/50гр. в 3 нити.
Вы можете использовать любую подходящую по метражу.
Спицы номер 4,5
Связаны по кругу способом Magic Loop, можно использовать чулочные спицы
—————
- набрать 24 петли и соединить в круг;
- распределить по 12 петель на спицу;
- провязать 10 рядов резинкой 1х1;
- провязать 20 рядов платочной вязкой;
- продолжаем вязать платочной вязкой и начинаем делать убавки с каждой стороны нашей части (12 п.) в каждом ряду до тех пор, пока не останется по 2 петли в каждой части;
- убавки провязываем по рисунку с наклоном к центру нашей части и обязательно подтягиваем хорошо нить, чтобы не образовывались дырочки;
- переносим оставшиеся 4 петли на нить, стягиваем, хвостик фиксируем и прячем.
В результате должна получиться варежка:
➰ Резинка 1х1 - 3-3,5 см
➰ Платочная вязка с убавками - 6,5-7,5 см
.
Вяжем шнурок i-cord из 3-х петель длиной 60-65 см. При наборе петель и при закрытие оставляем длинные хвостики, фиксируем их. Далее ими, с помощью трикотажной иглы, пришиваем шнурок к варежкам с изнанки, в месте начала ряда, заведя его в варежку на пару сантиметров.
.
Проводим ВТО и варежки готовы!";1556182088;1613;4796792842;False;мастерклассвязание
BwrIA74DyLZ;"Что с ней не так?
⠀
Первая игрушка - была одним сплошным косяком, тогда я даже и не помышляла вязать их кому-то ещё, ещё и за деньги 🙈
⠀
Сынок так активно в ней ковырялся, что вытащил, все-таки, глазки (хоть и были на безопасном креплении). Просто засунул пальчик и просто «протащил» сквозь дырочку. Хоть он (глаз) и прочно был «стиснут», и у меня не получилось его оторвать, но ситуация меня испугала.
Я стала думать - а как сделать так, чтобы такое «провернуть» ещё раз, было бы невозможно (ну, помимо, вязать плотнее) 😂
⠀
И нашла выход, чем и делюсь с вами 😉
⠀
Напишите, была ли полезна эта информация? Или вы каким-то другим способом закрепляете? ☺️
⠀
P.S. А в Taplink (ссылка под шапкой профиля), найдёте ссылку на YouTube с полным видео на эту тему «Как крепить глаза на безопасном креплении?»😉
⠀
Подписывайтесь, сохраняйте этот пост и отправляйте, кому он может быть тоже полезен 😘";1556185232;70;8338673938;False;мастерклассвязание
BwrK0BIDZZY;"К Пасхе готовы?🐣
⠀
Я вот ещё совсем не готова😔
Только краску купила для окрашивания яиц (кстати, очень классная - в наборе 3 цвета всего, но при определенном смешивании можно получить что-то около 25 оттенков😱)
Дело за малым - успеть сделать все остальное 😀
⠀
А вы готовы?
⠀
Можно ещё успеть связать таких пасхальных зайчиков, вяжутся быстро и просто😊
Скачать МК можно по активной ссылке в шапке профиля. Бесплатно 😉";1556186699;125;6933052634;False;мастерклассвязание
BwrM-a5DziL;"❤️БЕСПЛАТНОЕ ОПИСАНИЕ ❤️
Забирайте в закладки и вяжите с удовольствием 💕";1556187833;37;12562090010;False;мастерклассвязание
BwrU7O5j5Wg;"Вот поставишь себе цель, а она возьмёт и не сбудется!
⠀
Уборка, уборка! Каждый год я стараюсь к Пасхе пройтись тряпкой во всех дальних углах, забраться в которые течение года мне просто лень.
⠀
Вот и в этот раз, начиная с понедельника,  убрано почти везде.
⠀
А между тем, на спицах кофточка не растёт,  ну или растёт медленными очень темпами. Пару часов перед сном  я вяжу.
⠀
А цель была связать ее за 4 дня, как предыдущую.  Но ты же мать, хозяйка и никто домашние хлопоты не отменял.
⠀
Да и без них было бы, наверное,  скучно или не скучно?!
⠀
Иногда желаю, чтобы никто меня не трогал,  вообще никто,  не звонил, не просил,  не звал... а потом думаю это же скучно.
⠀
Наверное,  устала.  А может на море хочу, а может ещё что?
⠀
Скажите как у вас с этим? Бывает, что капец,  как спрятаться ото всех охота?  А если прячетесь скучно не становится?";1556192001;83;5549211700;False;мастерклассвязание
BwrZx3PjOnp;Очень лёгкий способ вязания красивых, нежных и милых цветочков крючком!;1556195769;18;8265219402;True;мастерклассвязание
BwrjtZ7DInI;"👋 привет, мои любимые!
Ох, как же тяжело находиться в поиске чего то нового😑
Руки просят дела, а душа вдохновения... 😋
Вывод: надо ждать, надеяться, искать.
3 дня поисков и... Вот результат! Нашла!!! 🎨

Вот он узор моей мечты 😏
Решила испытать его на новой шали/бактусе (пока не знаю что получится) 😋

Очень жду результат.

После испытаний узора, могу поделиться с вами, мои хорошие! Но, вот схема у меня на английском 🤔. Так, что голосуем в комментариях: 
Ставим 1️⃣ если хотите просто графическую схему без описания.
2️⃣ Для тех, кто хочет подробное описание на английском.
И 3️⃣ для тех кто хочет подробный разбор схемы (для новичков), сделаю в сториз подробные описания. .
.
#схемавязания #схемабесплатно #описаниеповязанию #описаниебесплатно #схемаузора #мастеркласс #схемакрючком #мастерклассповязанию #шаль #описаниеузора #бесплатнаясхема #схема_крючком #мастерклассвязание #узоркрючком #схема #узоры #с_четверг #описаниевязания #схемашали #схемавязаниякрючком #шалькрючком #описаниекрючком #узор";1556199752;166;3916319439;False;мастерклассвязание
Bwsk2MSAID5;"Всем привет! ❤ Знаю, что среди моих подписчиков есть и мастерицы, кто владеет крючком или учится. Для вас я решила делать мастер-классы. Мне конечно проще самой сесть и что-нибудь связать. Порой даже, не считая часть петель и рядов. Вижу на глаз.😀 Но это и отвлекает от давней задумки делать МК по моим игрушкам. Поэтому прошу поддержать.😊🙏
.
ПОГРЕМУШКА ЦЫПЛЕНОК ИЗ ЯЙЦА🐣
.
🐥Материалы:
- Контейнер от киндер-сюрприза. Кладем в него несколько деревянных бусин.
- Пряжа Пехорка детский хлопок желтая для основных деталей
- Пряжа Coco белая для глаз, оранжевая для клювика, красная для хохолка.
- Нитки мулине серые
- Крючок номер 1,5-1,7
.
🐥Условные обозначения:
вп - воздушная петля
сс - соединительный столбик
сбн - столбик без накида
ссн - столбик к накидом
пр - прибавка (два сбн в одну петлю)
уб - убавка (два сбн провязываем вместе)
.
🐤Тело. 
1. 6сбн в кольцо и далее вяжем по кругу без подъемов
2. Пр*6(12)
3. (Сбн,пр)*6(18)
4. (2сбн, пр)*6(24)
5. (3сбн,пр)*6(30)
6. (4сбн,пр)*6(36)
7-18. 36сбн.
Вставляем яйцом от киндера
19. (4сбн,уб)*6(30)
20. (3сбн,уб)*6(24)
21. (2сбн, уб)*6(18)
22.(1сбн, уб)*6(12)
23.(уб)*6(6)
Отвестие стянуть. Нить закрепить, кончик спрятать.
.
🐣Крылышки
1. 2вп
2. 7ссн во 2-ую петлю от крючка. Развернуть.
3. Одна вп для подъема, (пр, 1сбн)*3(9)
Пришить к телу по бокам, кончик нити спрятать.
.
🐤Лапки
1. 4вп
2. 5ссн во 2-ую петлю от крючка, 1ссн, 5ссн в одну петлю, 3 сбн с другой стороны(14)
3. Одна вп для подъема, 3сбн, 3ссн в одну петлю, 1сбн, 1сс, 1сбн, 3ссн в одну петлю, 6сбн (18)
Пришить к телу внизу, кончик нити спрятать.
.
🐥Глазки белым цветом
1. 6сбн в кольцо и далее вяжем по кругу без подъемов
2. Пр*6(12)
Пришить к телу, кончик нити спрятать.
Вышить зрачки серым цветом.
Клювик вышить оранжевым.
.
🐣Хохолок красным
1. 5вп
2. 1сбн во 2-ую петлю от крючка, 3ссн в одну петлю, 2 сбн (6)
Пришить к телу сверху, кончик нити спрятать.
.
.
Вяжите с удовольствием!
Буду благодарна за обратную связь в виде 💕, если хотите больше бесплатных МК. Пишите на что.😊
И делитесь, пожалуйста, все ли вам понятно. А также результатами в виде цыплят😀, отметив на фото #ecodetka_мк 😊☀☀☀";1556233903;79;2056628669;False;мастерклассвязание
BwsqZwUDOVV;"Привет девочки-рукодельницы👋
⠀
Приглашаю вас принять участие в моем онлайне по кролику из мф ""Алиса в стране чудес""
⠀
Онлайн будет проходить в закрытой группе во Вконтакте.
⠀
Состоит он из 4х этапов ( 1 этап-верхние и нижние лапки, хвостик, 2 этап-тело, 3 этап-голова и уши, 4 этап-сборка и оформление)
⠀
Время проведения с 5.05.19 по 16.05.19. Цена участия 200р
⠀
По окончании онлайна, вы получаете
1️⃣ оформленный мк с видео-рекомендациями по шплинтовому креплению головы, нитяному креплению лап
2️⃣ по окончании оформления 2х комплектов одежды для кролика, мк по ним бесплатно
3️⃣ отличное настроение на майских праздниках😉
⠀
‼ Бонус для тех, кто приобрел у меня мк по Чеширскому коту-участие в онлайне 100р😉
⠀
Необходимые материалы:
🔹️Пряжа Alize Softi белая (вязать будем в 2 нити, у меня ушло чуть больше 2х мотков)
🔹️ Пряжа Ирис или мулине белого цвета для пришивания деталей и крепления лапок (я использовала Vita Coco)
🔹️ Пряжа Ирис розового цвета для носика
🔹️ Белый и черный фетр для глаз и бровей
🔹️ Глазки на безосном креплении диаметром 7мм
🔹️ 2 диска для подвижных суставов, диаметром 30мм
🔹️ 2 шплинта (я заменила на невидимки😉)
🔹️ Круглогубцы и кусачки по металлу (легко можно обойтись одними пасатижами, которые есть у мужа😉)
🔹️ Крючки 2 и 1, ножницы, игла для сшивания, маркеры, наполнитель
🔹️ Сухая пастель для тонировки (можно румяна)
⠀
Для участия в онлайне, пишите мне в Директ или проходите по активной ссылке в шапке профиля.
⠀
Жду всех с нетерпением😘";1556236816;108;7389946056;False;мастерклассвязание
Bwt1ETXDN16;"Автор @dudareva.galina💕

Сегодня лайфхак для начинающих мастеров вязания - базовые убавки по изнаночной глади.

Убавки по изнанке должны быть так же зеркальны относительно регланной линии, и если по лицевой глади все понятно и видно сразу, то по полотну изнаночной гладью иногда происходит путаница...как провязывать, куда наклон... На самом деле ничего сложного-смотрите видео☝️
⠀
⠀

#описаниеLHK 
#вяжутнетолькобабушки #вяжутнетолькобабушкиноимамочки  #вязаниеспицами  #вязанаяшапканазаказ #вязаныйснудназаказ  #снудспицами #шапкаспицами  #шапкатыковка #шапкарезинкой #простаяшапка #вязаниедетям #вязаниедлядетей #бесплатныймк #мастерклассвязание #обучениевязанию #школавязания #шапкабини #бесплатноеописание #описаниевязания #мкспицы #мастеркласс";1556275962;1272;4796792842;False;мастерклассвязание
Bwt1MIiDWJC;#мастеркласс #мк #мквязание #мастерклассвязание #описаниевязания #учувязать #обучениевязанию #джемпер_fluffy_cloud #научувязать #джемпер #описаниеджемпера;1556276208;639;3619050939;True;мастерклассвязание
BwtDT_0BYth;"Третий этап🍦🍦 Будут вопросы👉пишите,пжл,в комментариях😉  Следующий этап 28апреля💕

#мастерклассвязание #бесплатноеописание #бесплатныемк #бесплатныймастеркласс #совместник #popovamklass";1556249876;23;5568632955;False;мастерклассвязание
BwtfdqcF2xE;"Доброго времени суток,рукодельницы 😉❤️
⠀
Я к вам с хорошей новостью😃👍
⠀
В предверии праздника,светлой пасхи,только два действуют скидки на МК.
⠀
Любой МК(кроме «зефирки»)вы можете купить за 250₽.
⠀
✅Каждый мк содержит текстовое описание и фото пошаговой работы.
⠀
✅К комплекту«Маки »есть видео сложных моментов и рассказано как сделать расчёт на любой возраст ребёнка.
⠀
✅Так же,к каждому мк прилагается моя консультация😉по всем непонятным моментам
⠀
❤️Готовьтесь встречать лето красиво 😍 😉
⠀
❤️Всем мира,добра и достатка в каждый дом 😘
#вязанаямода #вязаниекрючкомдлядетей #вязаноеплатьедлядевочки #платьедлядевочки #сарафанкрючком #мастерклассвязание #описаниевязания #схемавязаниякрючком #вяжемдетям #вяжемкрючком #мамавяжетдочке #мамавяжет #вяжеммалышам #вязаниедлямалышей #покажукаквяжу #мквязаниекрючком #мамавдекрете🍼 #длядевочек #вяжутнетолькобабушкиноимамочки #вязатьмодно #knitter #crochet_relax #crochetbaby";1556264729;567;6277591304;True;мастерклассвязание
Bwth0N8hqzj;"Как прошел ваш Чистый четверг? Помыли окна, напекли куличей? Или вы все в работе? Тогда не будем вас сегодня сильно  напрягать и просто устроим пятничный Лайк Тайм. Так вы повысите  активность профилей и найдете интересные аккаунты.😉
Правила простые:
🌿Быть нашим  подписчиком, поставить лайки на 3 наших последних поста
🌿Написать  в комментариях «хочу лайки»
🌿Поставить  лайки в профиле  предыдущего  комментатора
🌿Написать  под комментариями кого пролайкали «готово», чтобы не потерять, кому уже ответили взаимностью
🌿Отмечайте друзей, больше друзей участвуют - выше активность
Участвовать можно неоднократно🤗 
Отправляемся на выходные, и вам желаем  хорошо их провести!🌾🍖🍎🌳";1556265869;353;4243581788;False;мастерклассвязание
Bwtz0nLjC8l;"Замечательный способ обработать все края изделия от @sitalkina
.
Листайте! Все очень просто, но красиво ❤️ и обязательно загляните по ссылочкам. Там очень много полезного 👌 .
По порядку. 
Начиная вязать кардиган, я понятия не имела о планке, застежке, не знала, каким будет низ изделия и рукава. Знала одно - я НЕ хочу резинку. Обычную, стандартную, банальную резинку! Мне хотелось чего-то другого. Я просто набрала петли из косички, оставив открытым наборный ряд и 2 недели вязала. А мысли бегали... .
Помог совместник по #платье_барышня и варианты обработки горловины, которые давала девчонкам как альтернативу крючку. Ну а почему бы и здесь не попробовать?
.
В итоге все, абсолютно все открытые края были обработаны спицами. Даже бы сказала - обёрнуты спицами!
.
В последних фото карусели вы увидите принцип обработки. Из кромочных (или открытого наборного края, или закрытых петель горловины) поднимаем петельки. Для планки горловины используем спицы чуть меньше основных, для вертикальной планки полочки - чуть больше. Размер подберите эмпирическим путём на предварительно связанном образце. 
Провязываем некоторое количество рядов (низ изделия - 9 рядов, боковые планки и горловина - 7). И крючком присоединяем последний ряд вязания к петлями, из которых набирали. Рабочая нить идёт по лицевой стороне, а крючком работаем на изнанке. .
Более подробное видео процесса можно увидеть на страничке совместника - @sitalkina_for_kids ""Обработка края изделия спицами. Вариант 1"". Смело добавляйте в закладки - пост сохранится и после окончания совместника. 
А здесь просто оставлю эти фото. .
Ни на грамм не совру, если скажу, что планочками я горжусь больше, намного больше, чем всеми аранами и узорами карди! .
А как вам они? Понравились?";1556275309;3647;4796792842;False;мастерклассвязание
BwtzkrojFLI;"Мастер-класс от мастера @skrobova_knits 
В карусели видео, как ввести новую нить без узелков.
⠀
⠀

#описаниеLHK 
#вяжутнетолькобабушки #вяжутнетолькобабушкиноимамочки  #вязаниеспицами  #вязанаяшапканазаказ #вязаныйснудназаказ  #снудспицами #шапкаспицами  #шапкатыковка #шапкарезинкой #простаяшапка #вязаниедетям #вязаниедлядетей #бесплатныймк #мастерклассвязание #обучениевязанию #школавязания #шапкабини #бесплатноеописание #описаниевязания #мкспицы #мастеркласс";1556275178;1132;4796792842;False;мастерклассвязание
Bwtzt1iDtwy;"Привет! 👋🎨
Держите схемку!😘
Сохраняйте, пользуйтесь😀 творите в шедевры!😃
Схема в карусели.
Очень лёгкая, подходит для начинающих.

А я полетела создавать шаль!
Лёгкой пятницы и теплых выходных! 😋😘 #схемавязания #схемабесплатно #описаниеповязанию #описаниебесплатно #схемаузора #мастеркласс #схемакрючком #мастерклассповязанию #шаль #описаниеузора #бесплатнаясхема #схема_крючком #мастерклассвязание #узоркрючком #схема #узоры #с_пятница #описаниевязания #схемашали #схемавязаниякрючком #шалькрючком #описаниекрючком #узор";1556275253;145;3916319439;False;мастерклассвязание
BwuHVPMnaoA;Мой любимый способ вязания шнурка👌;1556285698;17;8116165694;True;мастерклассвязание
BwuL2THgPfr;"Скоро лето, поэтому самое время приступить к вязанию!

Представляю вашему вниманию  мастер-класс ""Парижанка"" от Майи @belousovamaya84

Мастер-класс крючком на возраст 3-5 лет.
Количество страниц – 88.
💙 -поэтапное описание сразу двух вещей в одном МК (платье и берет) .💙 -используемые материалы ;
💙 -правила вывязывания квадратной кокетки; 💙 -расчет рядов и кол-ва петель для реглана на любой размер и возраст ; 💙-более 150 крупных ярких фотографий к каждому этапу вязания;
💙 -полезные таблицы с размерами ; .
💙. -схемы узоров по вязанию платья и берета; -а так же полезные советы!

Для покупки мастер-класса напишите в директ Майе @belousovamaya84";1556287906;380;1925069425;False;мастерклассвязание
BwuW4uXjoqe;"Публикация № 100❤️
⠀

И он про мороженку! Или нет ) На улице заметно потеплело , а это значит пора открывать сезон мороженого. Хотите 100 рублей от меня на мороженку?
⠀
Тогда прочитайте 10 фактов обо мне и найдите среди них  2 ложных . Кто первым отгадает правильный ответ ,тому отправлю бонус на карту💰💳
⠀
Поехали!🤗
⠀
1)Люблю туфли👠, ношу кроссовки👟
2)Могу одна  съесть целую дыню 💪
3)Я отлично пою🎤
4)Мне 26 лет 💋
5)В детстве была блондинкой🙎‍♀️
6)Не переношу алкогольные напитки 😐
7)Обожаю кинзу🥰
8)Боюсь летать ✈️
9)В детстве мечтала о служанках😎
10)Танцевала Болгарские народные танцы💃🏽
⠀
❗️Победителя объявлю завтра после 12:00 🕛";1556293693;251;9006542742;False;мастерклассвязание
Bwubv-iDdm0;"4 этап #св_вкусняшки ! 🍰

Сегодня я вас хочу порадовать этим нежным пирожным со взбитыми сливками 🍰

Нюансы работы показываю в видео.

Полная версия доступна в IGTV

Способ вязания крема можно также посмотреть на канале Ютуб, например у Эмили Фриман.

Удачи вам, девочки!😍 #toys_vera
#вязаныепирожные";1556296242;408;4961919468;False;мастерклассвязание
BwuoqGsD4_a;"Таинственная, неповторимая, восхищение и восторг!!!👏 Это все о BLACK GLASS!⤵️
⠀
СУМКА ""BLACK GLASS""
◼Формат: подробное описание с пошаговыми фото в формате pdf
◼Уровень: средний (крючок)
◼Необходимые материалы: 2 мотка Maccaroni Ribbon с глиттером, 2 квадратных и 1 прямоугольное донышки из оргстекла, фурнитура, крючок 4,4.5
◼Стоимость МК: 10 бел.руб/350 рос.руб.
◼При покупке МК предоставляется скидка 5% на покупку материалов в магазине www.fomka-knit.by @fomka_knit.by (для жителей Беларуси). Укажите в комментариях к заказу промокод ""Black Glass""
◼Купить мастер-класс можно на сайте www.fomka-knit.by в разделе КУПИТЬ МК - МК (КРЮЧОК) (активная ссылка в шапке профиля)
⠀
Работа @vasiltsova_knitting

Сумка В НАЛИЧИИ! 100 бел.руб/3100 рос.руб.";1556303010;167;5315004841;False;мастерклассвязание
Bwv4OY1D81M;"Марафон ""ОДЕНЬ СВОЮ ИГРУШКУ""
⠀
Всем привет!
⠀
Вам знакома такая ситуация, когда игрушка связана, все в ней замечательно,  но чего-то не хватает?
⠀
И вот тут кроется огромный огромный секрет 🙊 - это одежда и аксессуары 😍
⠀
Именно они добавляют ту изюминку в каждую игрушку.
⠀
Уже совсем скоро с 1.05 - 16.05 стартует Марафон ""ОДЕНЬ СВОЮ ИГРУШКУ"". ⠀
Где 8 мастеров:
⠀
Мария - @puchkova.toys
Оля - @alfar_toys
Анна - @skazochnyj_mir
Ирина - @pattern_toy_by_mamaira
Аня - @by_anyamiro
Евгения @evgeniablaginina
Оля @toys_by_volshebstvo_petelek
⠀И я - Даша @toys_koshkina_pijama

Покажем Вам как связать для Вашей игрушки:
⠀
🎒 Рюкзачок крючком
⠀
🎀 Повязку на голову
⠀
👒➰Комплект из шапочки и шарфика спицами
⠀
👕Свитер спицами
⠀
👖 Штанишки крючком
⠀
🎽 Свитер крючком
⠀
👞 Ботиночки спицами и крючком
⠀
👗 Платье крючком
⠀
Да-да....именно для вашей, так как в данном марафоне мы дадим основы основ по расчетам одежды на любую игрушку.
⠀
Условия участия читайте в профиле марафона @marafon_oden_igrushky_";1556344726;159;6671280133;False;мастерклассвязание
Bwvzar1Dkxy;"Полезные видео 🎥🧶⠀⠀⠀⠀⠀⠀⠀⠀
⠀⠀⠀⠀⠀⠀⠀⠀
Привет 👋 ⠀⠀⠀⠀⠀⠀⠀⠀
⠀⠀⠀⠀⠀⠀⠀⠀
Не забываем ставить ♥️ ⠀⠀⠀⠀⠀⠀⠀⠀
Это мотивирует меня на создание новых полезных видео 🥰⠀⠀⠀⠀⠀⠀⠀⠀
⠀⠀⠀⠀⠀⠀⠀⠀
Сегодня в рубрике #яна_подскажет расскажу как добиться ровного и плоского круга 🔵⠀
⠀
Чаще всего при вязании круга многие ломают голову, почему вместо круга получается многоугольник какой-то 🤯 и как сделать так, чтоб его края не загибались 🤷🏼‍♀️⠀
⠀⠀⠀⠀
Делюсь с вами полезным🧶♥️⠀
⠀
Схема плоского и ровного круга:⠀
1: 8 сбн в КА (8);⠀
2: 8 пр (16);⠀
3: (сбн, пр)*8 (24);⠀
4: (сбн, пр, сбн)*8 (32);⠀
5: (3 сбн, пр)*8 (40);⠀
6: (2 сбн, пр, 2 сбн)*8 (48);⠀
7: (7 сбн, пр)*6 (54);⠀
8: (4 сбн, пр, 4 сбн)*6 (60);⠀
9: (9 сбн, пр)*6 (66);⠀
10: (5 сбн, пр, 5 сбн)*6 (72);⠀
11: (11 сбн, пр)*6 (78);⠀
12: (6 сбн, пр, 6 сбн)*6 (84);⠀
13: (13 сбн, пр)*6 (90).⠀
⠀
Сохраняйте пост в закладки, чтобы не потерять 🥰";1556342205;385;4621476342;False;мастерклассвязание
Bww1eFpj-TU;"Как кролик стал символом Пасхи? 
История пасхального кролика берет начало ещё в дохристианской Германии, когда люди поклонялись языческим богам.

Почиталась тогда и богиня весны и плодородия Остара. Наступление весны, а именно, день весеннего равноденствия было её праздником, а символом этого праздника стал кролик как самое плодовитое животное, символизирующее рождаемость.

Но почему роль зверька, который прячет яйца, досталась именно кролику? Ведь яйца несет курица! Оказывается, «обычная» курица просто не могла нести такие красивые и яркие яйца. Немцам необходимо было придумать другой сказочный персонаж. Таких персонажей было много, однако именно зайчик/кролик прижился в роли волшебного зверька, несущего волшебные яйца.

А я в свою очередь предлогаю вам связать Пасхального кролика-пашотницу самим😉

У меня для Вас есть мастер-класс. Стоимость всего 200₽. Для заказа МК пишите мне пройдя по ссылке в шапке профиля или в директ 💌";1556376836;232;6671280133;False;мастерклассвязание
Bww6xpZD7mU;"Люрекс  Италия 🇮🇹
⠀
Листаем карусельку ⤴️
⠀
✅Состав: 62%па+38%нейлон
⠀
✅Метраж :3720м на 100 гр.
⠀
✅Цвет: в ассортименте (фото)
⠀
✅Цена:100гр- 135рублей.
⠀
✅Наличие:в бобине примерно 500гр.
⠀
🛑❗️внимание, продаётся без отмота, целиком.
⠀
✳️Вопросы в Директ. Отвечу всем 💕
⠀
✳️Сайт ещё пока в разработке.
⠀
Ждём , любим и вяжем с Olinda ❤️❤️❤️
⠀
#вязатьмодно  #итальянскаяпряжа  #бобиннаяпряжа
#студияпряжи #купитьпряжумосква
#пряжасяком #кашемиршёлк #пряжамосква
#вяжутнетолькобабушки
#пряжаслюрексом #мохер #мохерслюрексом #BabiStore #вязаниемосква
#пряжамеринос #пряжакашемир #пряжатвид #пряжаальпака
#мастерклассвязание";1556379618;134;11544129281;False;мастерклассвязание
Bww7w09DFqL;"Люрекс  Италия 🇮🇹
⠀🌹🌹🌹ПРОДАНО(все три позиции) ✅Состав: 70%вискоза +30%па.
⠀
✅Метраж :1700м на 100 гр.
⠀
✅Цвет: в ассортименте (фото)
⠀
✅Цена:100гр- 135рублей.
⠀
✅Наличие:в бобине примерно 500гр.
⠀
🛑❗️внимание, продаётся без отмота, целиком.
⠀
✳️Вопросы в Директ. Отвечу всем 💕
⠀
✳️Сайт ещё пока в разработке.
⠀
Ждём , любим и вяжем с Olinda ❤️❤️❤️
⠀
#вязатьмодно  #итальянскаяпряжа  #бобиннаяпряжа
#студияпряжи #купитьпряжумосква
#пряжасяком #кашемиршёлк #пряжамосква
#вяжутнетолькобабушки
#пряжаслюрексом #мохер #мохерслюрексом #BabiStore #вязаниемосква
#пряжамеринос #пряжакашемир #пряжатвид #пряжаальпака
#мастерклассвязание";1556380136;141;11544129281;False;мастерклассвязание
Bww9TD0DPgU;"Люрекс  Италия 🇮🇹
⠀
✅Состав:
1)66%вискоза +34%па(сиреневый)3700м на 100гр
⠀
2) 36%па+64%медная нить (кор)7500м на 100гр.  3)36%па+64%пэ(чёрный+серебр)2375м на 100гр.
⠀
✅Цвет: в ассортименте (фото)
⠀
✅Цена:100гр- 135рублей.
⠀
✅Наличие:в бобине примерно 500гр.
⠀
🛑❗️внимание, продаётся без отмота, целиком.
⠀
✳️Вопросы в Директ. Отвечу всем 💕
⠀
✳️Сайт ещё пока в разработке.
⠀
Ждём , любим и вяжем с Olinda ❤️❤️❤️
⠀
#вязатьмодно  #итальянскаяпряжа  #бобиннаяпряжа
#студияпряжи #купитьпряжумосква
#пряжасяком #кашемиршёлк #пряжамосква
#вяжутнетолькобабушки
#пряжаслюрексом #мохер #мохерслюрексом #BabiStore #вязаниемосква
#пряжамеринос #пряжакашемир #пряжатвид #пряжаальпака
#мастерклассвязание";1556380940;111;11544129281;False;мастерклассвязание
BwwEoxFD-3w;"Свяжем гвоздики?
⠀
Самый простой вариант- брошь к 9 мая";1556351234;23;12190100385;False;мастерклассвязание
BwwGh-DDLmo;"А я продолжаю вязать своих единорогов.
.
🦄Связан из детской гипоаллергенной пряжи
🌸Рост 26-27см
🌸Повтор в любом цвете
🌸Стоимость 1700 + доставка 📦
.
Для заказа просто напишите мне в Директ ❤";1556352227;100;8331599342;False;мастерклассвязание
BwwHDKiniD0;"Новый видеоурок от @hollywool.ru 🎇 Весна и лето - пора ажуров, поэтому сохраняйте себе простой и ясный урок, как вязать узор из ажурных дорожек.
⠀
Плюшки в карму каждому, кто не пожалеет лайк ❤️ за наш урок 😉
⠀
Также все видеоуроки вы найдете на нашем YouTube канале - магазин пряжи Hollywool - подписывайтесь!
⠀
#вязаниеспицами #узорыспицами #схемаспицами #мастерклассвязание #вяжу #hollywool_совет";1556352498;2786;3184806635;False;мастерклассвязание
BwwLYNMjnRR;"1️⃣ этап
⠀
⠀
Так как зайка вяжется одной деталью (ножки,  тело,  голова) ☝️, а ручки и ушки ввязываются,  то мы начинаем вязать с ушей и ручек.
⠀
⠀
А еще я решила подарить подарки всем тем кто вяжет здесь и сейчас,  не откладывая в долгий ящик!
⠀
Условия для получения приза:
⠀
✅ Подпишись на меня @mimisha_toy
Ваш профиль, на момент участия,  должен быть открыт.
⠀
✅ Свяжи зайку по моему БЕСПЛАТНОМУ описанию 🐰 и выложи у себя в профиле пост с фото готовой игрушки до 17 мая.
⠀
✅ При публикации фото обязательно укажи: #вяжу_мимизайку с @mimisha_toy , чтобы я Вас видела.
⠀
‼️ПЕРВЫЙ КТО ВЫПОЛНИТ все условия,  получит 🎁 ЛЮБОЙ МОЙ МАСТЕР-КЛАСС БЕСПЛАТНО ‼️
⠀
Второй и третьей мастерице,  выполневшей условия подарю скидку 70% на один любой мой МК
⠀
А так же, всем тем, кто успеет связать мою заю до 17 мая (включительно) дарю скидку 50% на приобретение любого моего мастер- класса 🤩🤗";1556354768;254;2257498325;False;мастерклассвязание
BwwRWkCjUBk;"Пасхальные цыпки приветствуют вас 😄😊
Отличных всем выходных 👍солнечных и ярких как эта парочка❤️🤭";1556357913;72;6007536952;True;мастерклассвязание
Bwwh1Z4D98_;"Встречайте нашествие пасхальных зайчиков 🤗
⠀
Вяжутся быстро и просто, а радуют долго 😄
⠀
Условные обозначения:
сбн - столбик без накида
пр - прибавка
уб - убавка
* - количество повторений
В скобках в конце показано количество столбиков в ряду
⠀
Тело:
1. 6 вп в кольцо амигуруми
2. 6 пр (12)
3. (1 сбн, пр)*6 (18)
4. (2 сбн, пр)*6 (24)
5. (3 сбн, пр)*6 (30)
6. 30 сбн
7. (4 сбн, пр)*6 (36)
8-11. 36 сбн
12. (4 сбн, уб)*6 (30)
13. 30 сбн
14. (3 сбн, уб)*6 (24)
15. 24 сбн
16. (2 сбн, уб)*6 (18)
17. 18 сбн
18. (1 сбн, уб)*6 (12)
19. 6 уб, отверстие стянуть
Наполняйте по ходу вязания
⠀
Ушки (2 детали):
1. 6 вп в кольцо амигуруми
2. (1 сбн, пр)*3 (9)
3-4. 9 сбн
5. (2 сбн, пр)*3 (12)
6-8. 12 сбн
9. (2 сбн, уб)*3 (9)
10.  9 сбн
11. (1 сбн, уб)*3 (6), отверстие стянуть
⠀
Осталось пришить ушки, глазки, вышить носик, и яйкозайка готов! 👍
⠀
Если остались вопросы, пишите в комментарии или директ. Приятного вязания!";1556366542;57;6978396926;False;мастерклассвязание
BwwmndiDTKd;"Lagopolone , Filati Riccio Италия 🇮🇹
⠀
Lagopolone
⠀
✅Состав: 25%меринос+20%альпаки +55%акрил
⠀
✅цвет: черника.
⠀
✅Метраж :700м на 100гр
⠀
Filati Riccio
⠀
✅Состав: 25%меринос+15%альпаки+10%вискоза+50%акрил.
⠀
✅Цвет:бежевый.
⠀
✅Метраж:350м на 100гр.
⠀
✅Цена:100гр-180рублей.
⠀
✅отмот от100 гр.
⠀
✳️Вопросы в Директ. Отвечу всем 💕
⠀
✳️Сайт ещё пока в разработке.
⠀
Ждём , любим и вяжем с Olinda ❤️❤️❤️
# кидмохер
#вязатьмодно  #итальянскаяпряжа  #бобиннаяпряжа
#студияпряжи #купитьпряжумосква
#пряжасяком #кашемиршёлк #твидоваяпряжа #пряжамосква #пряжахлопок
#вяжутнетолькобабушки #пряжапайетки
#пряжаслюрексом #мохер #мохерслюрексом #BabiStore #вязаниемосква
#пряжамеринос #пряжакашемир #пряжатвид #пряжаальпака
#мастерклассвязание #ангора #мериносVictoria";1556369049;213;11544129281;False;мастерклассвязание
BwwnljhjU9r;"Недавно столкнулась с тем, что мне неудобно покупать пряжу в определенном магазине. 😤

Нет такого магазина, где все мои любимые производители собраны в одном месте. 
Но это не основная проблема.

Больше всего бесит, что когда заходишь на сайт и уже настроился что-то выбрать, то ты видишь только фото моточков.. ни состав тебе, ни толщина нити, ни каких-либо других характеристик.

Для того, чтобы понять подходит ли мне эта пряжа, нужно открывать каждый товар и смотреть его параметры 😭

В общем, мне как покупателю было бы намного удобнее, чтобы пож каждым постом или картинкой с товаром была полная информация о нем: цена, состав, метраж и тп..";1556369557;106;8956607205;False;мастерклассвязание
BwwnzXAlgnH;"Наборчик))) все что на видео входит в набор!!!
💕 Пенал
💕 Блокнот
💕 Бамбуковые спицы длиной 13 см по пять штук каждого размера (5мм 4,5мм 4,0мм 3,75мм 3,5мм 3,25мм 3,0мм 2,75мм 2,5мм 2,25мм и 2,0мм)
💕 Набор крючков, размеры: 2.0 2.5 3.0 3.5 4.0 4.5 5.0 5.5 6.0
💕 Сантиметровая лента-рулетка
💕 Металлические ножнички-цапельки
💕 Булавки для снятия петель 3 размера
💕 Зажимы (отлично фиксируют вязанное полотно при сшивании и т.д.) - 4 шт
💕 Наконечники для чулочных спиц - 4 шт
💕 Бобины для намотки пряжи - 3 шт
💕 Линейка для определения размеров спиц
💕 Маркеры лампочки - 20 шт
💕 Маркеры пластиковые - по 20 шт двух видов
💕 Иглы пластиковые - по 3 шт двух размеров
💕 Пластиковые спицы для вязания кос - 3шт и 4 шт (два вида)
💕 Электронный счётчик рядов
💕 Стоимость всего 1200 рублей
💕 Доставка почтой России (от 250 р.) , по Москве возможен курьер (от 250р.)
💕 Количество ограничено!
💕 Для заказа ставьте ""+"" в комментариях и я вам напишу в директ

ВНИМАНИЕ!!! Цвета аксессуаров для вязания могут отличаться от фото.

#вязаниеспицами #вяжутнетолькобабушки #мквязание #мастерклассыповязанию #мастерклассвязание #урокивязания";1556369778;271;1596699;True;мастерклассвязание
Bwwwn_qDSPO;"Пока все красят яйца и пекут куличи, Маша фотографирует ниточку с тремя узелками для конкурса #накрючкеувесны с @toy_meeting
⠀
Угадаете, чьи ножки на фото? Пишите свои варианты в комментариях😉
⠀
Среди тех, кто даст правильный ответ, разыграю мастер-класс на эту игрушку!
⠀
Интригу раскрою до 30 апреля, когда будет готова эта красотка 😋";1556374296;113;6748199674;False;мастерклассвязание
BwwxgevjBPU;"🧶 пряжа Vita Pelican.
✏️ состав: 100% хлопок двойной мерсеризации.
✏️ моток: 50 гр - 330 м.
✏️ цена: 87 руб";1556374759;115;12064206866;False;мастерклассвязание
BwxUXY5DnIP;"ДОЧКИ-КОШКИ

Шалом славяне.

Всех с пасхой и с сошествием святого огня.

Вы следите? У нас кстати, пасха (Песах) как раз закончился. И он у меня был очень продуктивным...
⠀ 
А ещё очень много планов и работы на ближайшие месяцы. Это будет настоящая перезагрузка.

А вы в праздники заряжаетесь или больше выматываетесь?

Давайте обсудим.

P.S. кошечка связана по мастер классу от @albina_knit_toys

Ваша Nushkin.

___♡♡♡___
#мастерклассвязание #урокивязаниякрючком #урокивязанияспицами #амигурумимедведь #амигурумимишка #амигурумилиса #амигурумизаяц #вязаниедляначинающих #видеоурокивязания #мишкавязаный #каквязать #подарокмужу #деньрождения
#хорошиеигрушки #золотыерукимамы #вдекретевесело #мамаможетвсе #урокивязания #творимсдетьми #будущее #красиваяжизнб #чемзанятьсявдекрете #чемзанятьсядома #чемзанятьсясдетьми #чемзанятьсявечером #картажеланий #игрушкиамигуруми";1556393054;139;2105234525;True;мастерклассвязание
BwxkxFdj79w;"Самое простое- цепочка воланов ⠀
и ножка из флористической проволоки";1556401633;18;12190100385;False;мастерклассвязание
Bwy1Gy9DxB1;"Девочки! Новые наборчики!
💰Цена набора 1580 р
.

Состав набора:
💕Проектная сумочка 26см*21см
💕Пластиковые иголки 3 большие и 3 маленькие
💕Маркеры лампочки 20 шт
💕Бирки 50*15мм - 3шт
💕Маркеры круглые 10 больших и 10 маленьких
💕Зажимы-фиксаторы 6 шт
💕Бобинки для ниток 5 шт
💕Электронный счётчик рядов
💕Кольцо для вязания двумя цветами - 2 размера
💕Маркеры пластиковые 20шт
💕Деревянные пуговицы диаметром 20мм - 8 шт
💕Блокнот 10*7см
💕Ножнички цапли
💕Розовый помпон из кролика 8 см
💕Маркеры круглые 4 цвета - 8 шт
💕Наконечники для спиц - 5 больших и 5 маленьких
💕Бамбуковые спицы длиной 13 см по пять штук каждого размера
💕Спицы для вязания кос двух видов (по 4 и 5шт)
💕Линейка
💕Спицы круговые 60см. 3мм
💕Спицы круговые 60см. 3,5мм
💕Спицы круговые 60см. 4,5мм
💕Спицы круговые 60см. 5мм
💕Спицы круговые 60см. 5,5мм
.
📌для заказа ставьте + в комментариях или пишите в Директ

#вязаниеспицами #вяжутнетолькобабушки #мквязание #мастерклассыповязанию #мастерклассвязание #урокивязания";1556443754;149;7324765747;False;мастерклассвязание
BwyT6SqDtTw;"С Великим праздником Пасхи!! .
.
.
.
.
.
.
..
.
#красивыекартинки #пасха#христосвоскресе #праздники#крашенки #кулич#светлоевоскресение#воскресенье#пасхальныйдекор#крашеныеяйца#кулинария#продукты#привет #вязание#вязаныекорзинки#мастерклассвязание#трикотажнаяпряжа#видео#";1556426350;59;4365535378;False;мастерклассвязание
Bwymvy_jmPf;"Как и обещала, делюсь с вами всем самым интересным, что отыскала на просторах интернета🤓
.
Сохраняйте МК Марины Григоревской на этого замечательного мишутку➡️листайте пост
.
А пряжу можно приобрести у меня😋
Himalaya Dolphin Baby-145 p/моток
Yarn Art Dolce-155 р/моток
.
#игрушка #мкигрушки #вязаныймишкамк #схемавязания #описаниеигрушки #мкнаигрушку #люблювязать #долфинбэби #вяжудетямназаказ #плюшеваяпряжамосква #вяжутнетолькобабушки #плюшеваяпряжасмоленск #плюшеваяпряжа #ярнарт #дольче #ярнартдольче #мастеркласс #мастерклассвязание";1556436226;464;11282337592;False;мастерклассвязание
Bwyn4myD_6G;"С праздником светлой пасхи, друзья! 🥚🥮🥚
#спасхой";1556436822;109;5841428599;False;мастерклассвязание
BwyxLton3tb;"Девочки! Новые наборчики!
💰Цена набора 1580 р
.

Состав набора:
💕Проектная сумочка 26см*21см
💕Пластиковые иголки 3 большие и 3 маленькие
💕Маркеры лампочки 20 шт
💕Бирки 50*15мм - 3шт
💕Маркеры круглые 10 больших и 10 маленьких
💕Зажимы-фиксаторы 6 шт
💕Бобинки для ниток 5 шт
💕Электронный счётчик рядов
💕Кольцо для вязания двумя цветами - 2 размера
💕Маркеры пластиковые 20шт
💕Деревянные пуговицы диаметром 20мм - 8 шт
💕Блокнот 10*7см
💕Ножнички цапли
💕Розовый помпон из кролика 8 см
💕Маркеры круглые 4 цвета - 8 шт
💕Наконечники для спиц - 5 больших и 5 маленьких
💕Бамбуковые спицы длиной 13 см по пять штук каждого размера
💕Спицы для вязания кос двух видов (по 4 и 5шт)
💕Линейка
💕Спицы круговые 60см. 3мм
💕Спицы круговые 60см. 3,5мм
💕Спицы круговые 60см. 4,5мм
💕Спицы круговые 60см. 5мм
💕Спицы круговые 60см. 5,5мм
.
📌для заказа ставьте + в комментариях или пишите в Директ

#вязаниеспицами #вяжутнетолькобабушки #мквязание #мастерклассыповязанию #мастерклассвязание #урокивязания";1556441697;791;1596699;False;мастерклассвязание
Bwz5orjDt1t;"🧶 пряжа Vita Rose.
✏️ состав: 100% хлопок двойной мерсеризации.
✏️ моток: 50 гр - 150 м.
✏️ цена: 77 руб";1556479683;157;12064206866;False;мастерклассвязание
BwzE5bIje2K;Еще вариант сборки;1556452033;28;12190100385;False;мастерклассвязание
BwzK-xbgl5O;Дети наше все 👼🌺❤️;1556455223;67;12535966931;False;мастерклассвязание
BwzOYa1ATPI;"Мастер класс платья на куклу любого размера!
Видео формат! Часовой урок!
Свяжи ребенку для игрушек много платьев по одному мастер классу, всего за 99 рублей!
Даю обратную связь и консультации с первой петельки)))";1556457006;105;12535966931;False;мастерклассвязание
BwzRUBUj-BB;"С праздником Светлой Пасхи! Выходные пролетели незаметно 😊 вчерашний день ушел на покраску сотни яиц)) Оказалось, что мало кто знает о традиции сбора яиц в этот праздник! Для меня эта традиция детства, когда мы вставали рано-рано, брали заранее приготовленные красивые пакетики и отправлялись по деревеньке ""христосываться""🙏 теперь ходят наши детишки! Очень надеюсь, что это будет и их любимый праздник 😊
.
Кстати эти яйца необычного цвета покрашены чаем каркаде ручками моей любимой @elena_kladieva 😏 малыши замечательно с ними смотрятся) а я заканчиваю оформления мастер-класса по ним, скоро его можно будет приобрести!🌸";1556458543;130;4600144548;False;мастерклассвязание
BwzT3e4gg6q;"-МАСТЕР-КЛАСС-
⠀
По Классическому Тедди из мохера с длинным ворсом
⠀
Именно эти мишки появились первыми, а потом уже авторы стали создавать уникальные образы, но классика остаётся классикой
⠀
Я создала мастер-класс по этому Мишке. Размер мишки 32 см, но если у вас есть опыт, то выкройку можно увеличить и мишка будет ещё больше
⠀
Мой мастер-класс: это подробные видео уроки со звуком на каждый этап работы
⠀
Для создания подобного мишки требуется опыт шитья Тедди, это важно, начинающим будет сложно!!!
⠀
Мастер-класс записан на Гугл диск, это значит, что времени у вас бесконечно много, доступ закрывать не буду, я знаю для многих важно не торопиться
⠀
Что входит в мастер-класс:
📌авторская выкройка + эскиз носа
📌список материалов
📌подготовка деталей к работе
📌набивка soft
📌стрижка морды, ушей, лап
📌Установка глаз
📌вышивка носа + покрытие воском
📌тонировка масляными красками
⠀
Стоимость мастер-класса 1800₽, для всех кто покупал у меня платные мастер-классы или обучался на платных курсах, скидка 50%!!!
⠀
Для приобретения доступа, пишите в Директ. Оплата возможна на карту Сбербанка и Pay Pal
⠀
Ну и для своих подписчиков я разыграю два бесплатных входа на этот МК. Достаточно в комментариях написать хочу и отметить подругу, которой это может быть интересно. А если вы уже купили, и выиграйте, то я верну деньги 
РОЗЫГРЫШ ПРОВЕДЕН, ПОБЕДИТЕЛИ ОБЪЯВЛЕНЫ
⠀
.
⠀
.
⠀
.
⠀
#купитьткань #плюшевыеигрушки #плюшки_по_мк #купитькуклу #мастерклассы #мастеркласспошитью #мастерклассвязание #шьемсами #шьемвместе #мишкатедди #классикажанра #авторскийтедди #выкройкаигрушки #выкройкатедди #белыймедведь🐻 #обучениеонлайн";1556459882;463;4259233342;False;мастерклассвязание
BwzaPGaBj6p;"С Праздником, друзья💕
Ловите 4 этап брелочка😉

Для глаз я использую изнаночную сторону,тк она более гладкая.

Следующий этап 30апреля.

#мастерклассвязание #бесплатноеописание #бесплатныемк #бесплатныймастеркласс #совместник #popovamklass";1556463221;14;5568632955;False;мастерклассвязание
BxAB5OgjXCm;"Девочки, доброго и солнечного вам дня!☀️
.
Мы готовим новый подробный и очень понятный видео-курс ""Реглан сверху""🌿
.
Программа курса:
.
⭐Урок 1. Разновидности, мерки, образец. Расчет и распределение петель горловины.
⭐Урок 2. Способы набора и невидимое замыкание в круг.
⭐Урок 3. Росток, расчет. Укороченные ряды.
⭐Урок 4. Регланные линии. Расчеты, схемы.
⭐Урок 5. Подрез. Корпус.
⭐Урок 6. Расчет убавок рукава.
⭐Урок 7. Способы закрытия петель. Горловина. Сборка. ВТО.
.
Если вам интересно, ставьте ➕  в комментариях!
.
#школавяжидлядуши #knitforsoul #knitforsoulru #вяжидлядуши_мк #вяжидлядуши_реглансверху #вязание #вязаниеспицами #стильноевязание #модноевязание #вязатьмодно #школавязания #обучениевязанию #вязаниеонлайн #онлайнкурсы #идеидлявязания #вязанаямода #курсывязания #вязаныеидеи #хоббидлядуши #вяжутнетолькобабушки #вязаниемоехобби #мастеркласс #мастерклассвязание #мастерклассповязанию #мквязание #реглан #реглансверху #мкреглансверху #мкреглан";1556886691;900;8758368457;True;мастерклассвязание
BxAKjGQjx7P;"Хотите сами связать себе такой?😊🌺 Тогда этот мастер-класс для Вас🤗 Джемпер ""Берлинские листья"" авторский, связан крючком. Узор разработан мною. ""От и до"" продумано и высчитано расположение каждого листочка. Поэтому и смотрится он восхитительно!❤💥
Итак, что в МК:👇 🍀формат PDF с фото + видео сложных моментов
🍀схемы с цветовым выделением для удобства и наглядности
🍀видео вязания узора (отправляю по желанию +200 руб.)
🍀поэтапный процесс вязания с пояснениями и рекомендациями 🍀расчет реглана сверху на размер от 40-го по 50-ый (на основе моего расчёта на размер 42-44)
🍀вязание ростка и подрезов. С ними Ваш джемпер сядет на фигуру и будет удобен в ношении👌
🍀каждый ряд кокетки расписан по рядам. 🍀прибавки в реглане, включение петель в узор (подробнейшим образом) + видео.
🍀авторские лайфхаки, подсказки и приёмы. Так же один важный секрет☝️😉
🍀научитесь вязать объёмные узоры крючком
🌷чат-группа с теми, кто приобрёл МК. В котором ответы на вопросы, общение, опыт других участниц, рекомендации. Также можете писать мне в директ.
👉от Вас - базовый уровень знаний, ровное вязание полотна, внимательность, усидчивость и желание связать🤗🌿
📌Цена мастер-класса ""Берлинские листья"" 690 руб. (+200 руб, если необходимо видео узора).
💳оплата на карту Сбербанка 
МК высылаю на почту сразу после оплаты.🎯
📩 Пишите😊";1556891204;355;4880153890;False;мастерклассвязание
BxAUh9ZFPKN;"🧸Какую цену ставить за HAND MADE товар, чтобы💲выйти на прибыль.
⠀
Привет, я Яна, @vishnya.smm таргетолог с руководящим опытом 🔟 лет в финансовом консалтинге🧮
⠀
🌎ГЕО фактор
⠀
▫️Доставка в ЕС и США 🇺🇸🇪🇺 стоит ок. 💲30. Но и Покупатели там готовы платить цену в 🔟 раз дороже, чем отечественные👍
▫️1 страна. Если доставка по всей🇺🇦🇧🇾 в пределах 💲2, закладывайте из в цену игрушки. Если широка страна моя родная 🇷🇺, то делите аудиторию территориально (близлежащие города и мах отдаленные).
▫️По городу - можно добавить самовывоз🚲
⠀
⏳Цена ВРЕМЕНИ
⠀
▫️Вы считали сколько часов затрачиваете на 1 единицу товара❓ Знаете сколько Вы могли бы заработать на другой работе за это же время⚖️
В беременность я увлекалась вышивкой картин бисером🖼 Так вот рыночная цена НЕ соизмерима с затратами времени.
▫️Например, средняя ЗП в Вашем регионе 💲400, т.е. цена человеко-часа 💲2,5. Для изготовления 1 брошки нужно 4 часа (закупка материалов, изготовление, продвижение и реклама товара, общение с клиентом). А это уже 💲10.
⠀
💰ПЛАТЁЖЕспособность покупателя
⠀
▫️Сегмент масс-маркет:
Вяжете недорогие игрушки 🧸
Акцент только на 1 факторе - цена значительно дешевле конкурентов⬇️
Качество материалов игнорируете❌
⠀
▫️Премиум сегмент:
Делаете эксклюзивные брошки  из дорогих бусин🧿
Тут цены ставите значительно выше среднерыночных💲
И предлагаете лимитированные аксессуары с эксклюзивным дизайном👌
⠀
▫️Покупатель с низким достатком всегда ищет подешевле и никогда не закажет премиум товар. И наоборот, кто привык к лакшери, тот не подпишется на профиль с недорогим товаром. Поэтому если у Вас есть обе категории товаров, ведите 2 разных профиля, для разной целевой аудитории.
⠀
⭐️Домашка. Задачка БЕЗ звездочки:
какая должна быть цена Вашей брошки/игрушки, если дано себестоимость материалов, трудозатраты и цена доставки?
⠀
👌Вы раньше учитывали эти моменты, или для Вас это новость?
❓Какую нишу еще разобрать?
⠀
🌷🌷🌷🌷🌷
В карусели прекрасные работы @nataliia_nychyporenko";1556896437;83;3988130101;False;мастерклассвязание
BxAc7RhnKpz;"Давно мечтали связать ребёнку свитер или платье? Давно мечтаете научиться вышивать?🙌🏼Тогда сейчас самое время!
.
Потому что на тёплой планете много майских праздников!!! До 13 мая действуют СКИДКИ ДО 60% на все мастер-классы @mk_teplayaplaneta
.
Торопись! Все подробности о мастер-классах здесь @mk_teplayaplaneta";1556901567;418;4362250847;True;мастерклассвязание
BxApA1Jj2Of;"Ииии, знакомьтесь!!! Лайк❤ нашей пчелке🐝
⠀
Предыдущее фото, ошеломительная сумка ""Waves"", ее рук дело!😍
🔽🔽🔽🔽🔽🔽🔽🔽⠀
Я Оля! 
В команде @beebusy_school
Мой профиль @vasiltsova_knitting
Вяжу и составляю мастер-классы для вас🤗. ⠀
Вообще, по образованию, я художник-живописец🎨, а ещё я педагог(почти -психолог)🙌, поэтому научу вас вязать легко👌.⠀
Люблю вязание. (от маленьких пинеток до кардиганов, от сумок до ковров❤️❤️❤️)
Надеюсь и вы полюбите вязать с командой @beebusy_school ещё больше 🤗
Рада знакомству 😘⠀
🔼🔼🔼🔼🔼🔼🔼🔼
Задавайте Оле вопросы, если есть, по тестгруппе сумки ""Waves"" и, вообще, любые вопросы😄
#beebusy_команда";1556907176;209;5315004841;False;мастерклассвязание
BxB-z2uDD0l;"Интересно, что же будет...🤔😉
.
Никогда не знаешь что в итоге получится, какими будут мишки в одежде, понравится ли им или скажут переделывай, мы это носить не будем 🤨😀
.
Вот смотрите, одно и то же описание, а взяла разные нитки и мишки совсем разные 🐻
.
А можно же ещё с крючком поэкспериментировать и тогда мишка совсем другой будет 🤔
.
К чему я все это... мы творцы своего дела семи, из одного описания можно навязать много много совсем разных мишек, главное включить фантазию 💕💕💕
.
МК мишки 350 рублей
.
.

______________
#авторскаяигрушка #любимоезанятие #амигурумисвоимируками #handmade_prostor #теддимастер #теддимир #зефирнаяигрушка #детскаяигрушка #эксклюзивнаяигрушка #игрушкидлямалышей #мастерклассвязание #вязаниедляначинающих #учусьвязатьигрушки #беременностьималыш #любимыйкрючок #мкповязанию #мкспицами #мккрючком #описаниеигрушек #описаниеигрушки #описаниеамигуруми #кукольныймир #малышарики #детисчастье #вяжунетужу #процессвязания #вяжуигрушки #игрушкавпроцессе #схемавязаниякрючком #экоигрушки";1556952159;447;8762656088;False;мастерклассвязание
BxC78GljRLv;"Уютный весенний кардиган от @marysawithlove ♥️
______________________________________________
#свитер #мастеркласс #вязаныйсвитер #вязаныйпуловер #оверсайз #look #этолюбовь❤️ #свитерспицами #вяжунемогуостановиться #свитероверсайз #вырез #looks #теплоеплатье #тепло #весна2019 #8марта #oversize #fashionlook #всевжизнисвязано #вяжуспицами #мк #мккардиган #мастерклассвязание";1556984208;106;5883141518;False;мастерклассвязание
BxCGNfYAqI0;Первая фотография Оливии ✨💖;1556956039;117;5889145568;False;мастерклассвязание
BxCLXPUHb3i;"💥 НОВИНКА💥 В НАЛИЧИИ!!!💥
Производитель: Etrofil
Разработано: Италия
Страна производства: Турция

Состав пряжи: 55% органический хлопок,
45% анти пиллинг акрил
Длина мотка: 1000 м
Вес мотка: 250 гр
Цвета: как на фото
.
💥Стоимость: 430 руб / моток
.
💥Предоплата на карту сбербанка.
.
💥Отправка почтой России либо СДЭК.
.
💥Для заказа пишите в комментариях или в директ

#вязаниеспицами #вяжутнетолькобабушки #вяжутнетолькобабушкиноимамочки #урокивязания #урокиспицами #урокивязанияспицами #явяжу #учусьвязать #люблювязать #мквязание #мастерклассыповязанию #мастерклассвязание #knitting #knitstagram #knittinglove #i_loveknitting";1556958740;353;1596699;False;мастерклассвязание
BxCMgYfDrrj;"💥 НОВИНКА💥 В НАЛИЧИИ!!!💥
Производитель: Etrofil
Разработано: Италия
Страна производства: Турция

Состав пряжи: 55% органический хлопок,
45% анти пиллинг акрил
Длина мотка: 1000 м
Вес мотка: 250 гр
Цвета: как на фото
.
💥Стоимость: 430 руб / моток
.
💥Предоплата на карту сбербанка.
.
💥Отправка почтой России либо СДЭК.
.
💥Для заказа пишите в комментариях или в директ

#вязаниеспицами #вяжутнетолькобабушки #вяжутнетолькобабушкиноимамочки #урокивязания #урокиспицами #урокивязанияспицами #явяжу #учусьвязать #люблювязать #мквязание #мастерклассыповязанию #мастерклассвязание #knitting #knitstagram #knittinglove #i_loveknitting";1556959339;75;7324765747;False;мастерклассвязание
BxCNEvTDM0u;"В наличии турецкая пряжа Alize Merino Royal.

Вес 50г

Длина 100м

Состав 100% шерсть
.
💥Стоимость моточка 165 рублей.
.
💥Доступная расцветка: все что на фото /видео
.
💥Стоимость 165 рублей / моток
.
💥Предоплата на карту сбербанка.
.
💥Отправка почтой России либо СДЭК.
.
💥Для заказа пишите в комментариях или в директ
. 
#вязаниеспицами #вяжутнетолькобабушки #вяжутнетолькобабушкиноимамочки #урокивязания #урокиспицами #урокивязанияспицами #явяжу #учусьвязать #люблювязать #мквязание #мастерклассыповязанию #мастерклассвязание #knitting #knitstagram #knittinglove #i_loveknitting #alize #alizemerinoroyal";1556959637;83;7324765747;False;мастерклассвязание
BxCNcjsHE2u;"В наличии турецкая пряжа Alize Merino Royal.

Вес 50г

Длина 100м

Состав 100% шерсть
.
💥Стоимость моточка 165 рублей.
.
💥Доступная расцветка: все что на фото /видео
.
💥Стоимость 165 рублей / моток
.
💥Предоплата на карту сбербанка.
.
💥Отправка почтой России либо СДЭК.
.
💥Для заказа пишите в комментариях или в директ
. 
#вязаниеспицами #вяжутнетолькобабушки #вяжутнетолькобабушкиноимамочки #урокивязания #урокиспицами #урокивязанияспицами #явяжу #учусьвязать #люблювязать #мквязание #мастерклассыповязанию #мастерклассвязание #knitting #knitstagram #knittinglove #i_loveknitting #alize #alizemerinoroyal";1556959832;410;1596699;False;мастерклассвязание
BxCU8MQDx1e;"Filatura papi Fabio , Casa del filato ,NEW MILL  Италия 🇮🇹
⠀
✅Состав: 5%кашемир +5%ангора+25%меринос 25%полиамид +40%вискоза
⠀
✅Метраж :1500 на 100гр
⠀
✅Цвет:в ассортименте(фото)
⠀
✅Цена:100гр-135рублей.
⠀
✅отмот от100 гр.
⠀
✳️Вопросы в Директ. Отвечу всем 💕
⠀
✳️Сайт ещё пока в разработке.
⠀
Ждём , любим и вяжем с Olinda ❤️❤️❤️ #мериносolinda
⠀
#вязатьмодно  #итальянскаяпряжа  #бобиннаяпряжа
#студияпряжи #купитьпряжумосква
#пряжамосква
#вяжутнетолькобабушки
#пряжаслюрексом #мохер  #BаbyStore #вязаниемосква
#пряжамеринос
#мастерклассвязание";1556963761;170;11544129281;False;мастерклассвязание
BxCUuI6Denk;"Filatura papi Fabio , Casa del filato ,NEW MILL  Италия 🇮🇹
⠀
✅Состав: 5%кашемир +5%ангора+25%меринос 25%полиамид +40%вискоза
⠀
✅Метраж :1500 на 100гр
⠀
✅Цвет:в ассортименте(фото)
⠀
✅Цена:100гр-135рублей.
⠀
✅отмот от100 гр.
⠀
✳️Вопросы в Директ. Отвечу всем 💕
⠀
✳️Сайт ещё пока в разработке.
⠀
Ждём , любим и вяжем с Olinda ❤️❤️❤️ #мериносolinda
⠀
#вязатьмодно  #итальянскаяпряжа  #бобиннаяпряжа
#студияпряжи #купитьпряжумосква
#пряжамосква
#вяжутнетолькобабушки
#пряжаслюрексом #мохер  #BаbyStore #вязаниемосква
#пряжамеринос
#мастерклассвязание";1556963646;211;11544129281;False;мастерклассвязание
BxCWVo6jJND;"Soft Shetland Италия 🇮🇹
⠀
✅Состав: 100% шерсть.
⠀
✅Метраж :1500 на 100гр
⠀
✅Цвет:в ассортименте(фото)
⠀
✅Цена:100гр-180рублей.
⠀
✅отмот от100 гр.
⠀
✳️Вопросы в Директ. Отвечу всем 💕
⠀
✳️Сайт ещё пока в разработке.
⠀
Ждём , любим и вяжем с Olinda ❤️❤️❤️
⠀
#вязатьмодно  #итальянскаяпряжа  #бобиннаяпряжа
#студияпряжи #купитьпряжумосква
#пряжамосква
#вяжутнетолькобабушки
#пряжаслюрексом #мохер  #BаbyStore #вязаниемосква
#пряжамеринос
#мастерклассвязание";1556964494;146;11544129281;False;мастерклассвязание
BxCaHi4hJjs;"Пришло время провести наше финальное голосование в рамках марафона #Огненная_весна_myfergyschool. ⠀
Все участницы очень старались и каждая уже победила, потому что дошла до конца и связала крутые изделия 🔥⠀
⠀
Голосуйте за понравившуюся вам работу⠀
1 участник- 1 голос⠀
Голосование продлится до 5 мая 23:59! ⠀
⠀
Всем желаем удачи!⠀
И напоминаем, победитель получит на выбор 2 мастер класса от нашей школы🎁⠀
⠀
Поехали ❤️⠀
1. @v.v._store 
2. @shapka_varegka 
3. @pryazha_v_groznom 
4. @knitwear_by_olga 
5. @olly_knit 
6. @dysia_gagarina 
7. @maya.netimenko 
8. @knitted_alisa";1556966476;445;4243581788;False;мастерклассвязание
BxCkJ_Nn0vs;"И снова рубрика с классными бесплатными описаниями 👋
.
У мастера Натальи @negor.ova есть описание красивого ажурного берета 😃
.
Передаю слово автору:
.
🎤
Время повязок, легких шапок и дырявых беретов😎
Вспомнила про один берет. Все, как я люблю- уши закрыты, голова не потеет😄.
На голове сидит ... или лежит🤔... как ...берет!😁
#ne_описание
💜💜💜
Размер: 55-57
💜💜💜
Пряжа: 100г хлопка (лучше хлопок с вискозой, акрилом, или эластаном), метражом примерно 115м/100г.
У меня был хлопок «Ландыш» (кто не пропел сейчас песню «Ландыши, ландыши..»😂).
Спицы: 3 и 3,5, круговые или чулочные.
💜💜💜
Спицами 3 набрать В ДВЕ НИТИ 94 петли, соединить вязание в круг, вязать резинкой 2х2 примерно 5 см.
Перейти на спицы 3,5 и вязать дальше В ОДНУ НИТЬ ажурным узором:
1-й ряд: 1 накид, 2 вместе лиц. Повторять до конца ряда.
2-й ряд: лицевые.
Повторять 1 и 2 ряды примерно на высоту 23-25 см.
💜💜💜
Перейти на лицевую гладь, и в каждом 2 ряду уменьшить равномерно по 10 петель. На спицах 64 петли.
Затем провязать два ряда, убавив в каждом по 2 вместе лиц. через каждые 3 петли.
Оставшиеся петли стянуть, нить заправить.
Выполнить НЛО. Ой, ГТО. Не. ВТО!! Всемирно-торговую организацию, в общем.
Высушить. Носить с удовольствием❤️
🌹🌹🌹";1556971738;1006;4362250847;False;мастерклассвязание
BxCoguMHBkh;"Мастер-класс #mini_костюмчик от @mini_sweeter 😍
.
В МК входят:
✅ PDF файл с подробным описанием, фотографиями и схемами;
✅ Видеофайлы (7 - на штанишки и 23 - на толстовку)
.
Всё файлы открываются на телефоне 👌
.
В МК представлен размерный ряд для малышей с 52 см до 98 см роста.
.
Пряжу можно использовать любую👌не надо попадать в плотность 👌🤗 ведь вы будете делать свои расчёты, под свою пряжу и плотность 👍🤓
.
Стоимость мастер-класса костюма 600 рублей 🎁
.
Так же можно приобрести отдельно МК штанишек и толстовки, но оптом дешевле 😉
.
По всем вопросам писать мастеру 👉 @mini_sweeter";1556974022;5418;4362250847;False;мастерклассвязание
BxCwCuqFrxR;"2️⃣1️⃣ тема для постов ВЯЗАЛЬЩИЦ🧶
⠀
Сегодня подписчика сложно удержать в блоге-магазине. А ведь это не только возможность повторной продажи, но и новые первичные продажи💰Пусть не сегодня, а к дню рождения малышей подруг, знакомых и коллег👼 Ваша задача – быть ИНТЕРЕСНЫМ, а не продавать В ЛОБ.
⠀
🙌Привет, я Яна @vishnya.smm пишу шпаргалки для бизнес-блогов. И я всегда рада Вашим горячим лайкам❤️
⠀
Классическое правило постинга ➡️ продающий контент ➕ информационный ➕ развлекательный.
⠀
2️⃣1️⃣ ИДЕЯ для постов
⠀
💈Свои достижения, на каких МК были, какую новую технику освоили
💈Тренды в декоре детской комнаты
💈Покажите процесс работы, детали
💈Выкладывайте видео как дети клиентов🧸 радостно играют Вашими игрушками
💈Данные экспертных издательств, сколько слоников купили в разных странах за прошлый год
💈Как и чем стирать и сушить вязанные игрушки
💈Устройте голосование за цвет новой игрушки 💜 или ❤️ Пусть читатель принимает участие в творчестве!
💈История рождения блога, начало хобби, пост-знакомство🙋‍♀️
💈Пишите о влиянии цвета на ребенка. Какие цвета уравновесят активных или взбодрят меланхоликов
💈Развенчайте мифы, что из Вашей игрушки не вылазит наполнитель даже после 10 стирок💦
💈Какие игрушки Вы любили в детстве
💈Лайфхаки вязания
💈Обзор производителей фурнитуры
💈Покажите элементы игрушки, и предложите угадать какой это будет зверек. Поиграйте в угадайку🧩
💈Как Вы выбираете нитки
💈Разыграйте игрушку🎁
💈Рецензия на фильмы об игрушках, опрос об самом любимом фильме подписчиков
💈Самая большая в мире игрушка
💈Сравните Luxury товар и свой, опишите свое высокое качество⭐️ и акцентируйте на разнице в цене
💈Ваш самый смешной недостаток. Юмор никто не отменял😉
💈Челлендж для взрослых – выложи фото со своей детской игрушкой и отметь #30летигрушке  У меня есть гэдеэровская Барби-Принцесса, которой через 30 лет играет моя дочка👼
⠀
🔥Сколько пунктов были полезны для Вас❓Домашка: внедрите 5️⃣на след.неделе😉";1556977970;28;3988130101;False;мастерклассвязание
BxDF_CHgSoH;"Новая модель под именем Garda!
Тестирую уже неделю и понимаю, что она очень удобная и вместительная!
Обычно ношу сумочки поменьше и на цепочке, но эта малышка и побольше, и с плечевым ремнём, а вот прижилась! 
Форму держит отлично, но мягкая.
Набиваю ее до отказа - магнитная кнопка ни разу не расстегивалась 💪
Простая, но необычная.
Связана практически СБН и ССН (ну с небольшими изменениями).
Для новичков идеальный вариант!
Расход пряжи - ровно один моток и еще чуть-чуть на обвязку и оборку.
Боковинки вшивала новым способом, довольна 😁

____
В общем, много фото еще впереди, пока анонс 🤗

_____

#трикотажнаяпряжа #сумкаручнойработы #триконарики #триконарик  #вязанаясумка #сумкаручнаяработа #тпряжа #зефирнаясумочка 
#вяжемизтрикотажнойпряжи  #мастеркласссумка #вязаныйклатч  #мастерклассвязание #учусьвязать #вяжемсумку #сумкасоборками #люблювязатькрючком";1556989818;265;1643900861;True;мастерклассвязание
BxE1JuTBadT;"Голова кругом!
⠀
От того изобилия, которое можно сделать на наших мастер-классах!
⠀
И тарелочку, и игрушку, и полочку, и деревянный тренажёр, и разделочную доску, и декоративный ящик)
⠀
В стенах нашей мастерской возможно воплотить любые деревянные идеи!
⠀
Запись на МК производится заранее, любым удобным способом: Директ, watssApp, личный звонок  по номеру +79173867612.
Друзья, а Вы чтобы хотели сделать своими руками на мастер-классе?";1557047776;75;6592321345;True;мастерклассвязание
BxEcROpjmtk;"🧁Подушка Кексик🧁
💙13.05 и 14.05  акция,  этот  мк 80 р💙
🧁Обалденно мягкая и плюшевая из Ализе Пуффи🤗
🧁Есть мк в формате видео, цена 150р
🧁Вяжется только руками, очень быстро и легко)
🧁Расход по 1.5 моточка светлой и темной пряжи
🧁На заказ в любом цвете 600р
🧁Высота и диаметр около 30см
#кемерово #ализепуффи #ализе #подушкапуффи
#подушкакекс #вязаниебезспицикрючка #мкпуффи #мастеркласс #видеомк #мастерклассповязанию #ручнаяпряжа #вяжутнетолькобабушки #сделайсам #детки #подаркикемерово #подаркидетям #вяжунемогуостановиться #вязаниеназаказ #alizepuffy #alize #miel_puffy #handmade #пуффимания #кекс #мастерклассвязание #мкпуффи";1557034712;574;9535492033;False;мастерклассвязание
BxEjaB3D3WK;"Доброго воскресного утра!
-
Делюсь своими текущими делами:
-
⏺️ Готовлю к выпуску МК по вязанию пальчиковых кукол ( на стадии завершения). Не всех героев, конечно, а некоторых.
-
⏺️ Подумала, может онлайн по какой-то сказке провести. Ещё не решила.
-
⏺️Обучаюсь сейчас на курсе по автоматизации продаж, очень интересно, узнаю много нового.
-
⏺️А на семейном фронте - окончание учебного года, огород и стройка. Причём последние два пункта отнимают гигантское количество свободного времени.
-
Вот такие новости!
-
Ну так что, хотите онлайн?";1557038454;151;3080996921;False;мастерклассвязание
BxEsPeZDvww;"Привет!
⠀
У вас бывает, что вы встали ""не с той ноги""? А может это ""добивает"" быт? А может просто устала?
⠀
Вот сегодня один мой вариант точно!😂
⠀
Сейчас припудрю носик, нарисую глазки, улыбнусь в зеркало себе и ""хвост пистолетом"" 😉
⠀
❤❤❤❤❤❤❤❤❤❤❤❤❤❤
⠀
Посмотрите на непередаваемые нежность, любовь и благородство, которые несут эти фото!!! Наташа @natalyapasashkova , я балдею от твоей ответственности, от твоей отточенности, от твоей любви к тому, что ты делаешь!!!
⠀
А вы не жалейте ❤ - это очень важно😉!!!
⠀
❤❤❤❤❤❤❤❤❤❤❤❤❤❤
⠀
Свитер-пончо связан по мк ""Мишель"".
👉 нет привязки к пряже, есть рекомендации
👉 подробный алгоритм расчётов
👉 фото, схемы, таблицы
👉 связать можно на любой размер
👉 свободная посадка, ворот-стойка
👉 стоимость 400 рублей
⠀
❤❤❤❤❤❤❤❤❤❤❤❤❤❤
⠀
По вопросам приобретения пишите в директ или по ссылке в шапке профиля WhatsApp
⠀
❤❤❤❤❤❤❤❤❤❤❤❤❤❤";1557043087;819;6770096511;False;мастерклассвязание
BxFFvLhD6QR;"МК «Грэй""
⠀
Рада представить вам МК по вязанию крючком свитера-косоворотки для мальчика ""Грэй""
⠀
🎗МК в формате pdf - 38 страниц
⠀
🎗Содержит в себе подробный алгоритм расчётов и вязания свитера крючком со схемами, фотографиями, таблицами и текстовым описанием.
⠀
🎗Пряжа - 165-210м/50гр
⠀
🎗Размерная таблица - с рождения до 10лет. Но связать можно на любой размер!!! Нет привязки к моей плотности вязания!
⠀
🎗Стоимость 330 рублей до 10 мая включительно. Далее 400 рублей. Для покупки пишите в Директ или WA (прямая ссылка в шапке профиля)
⠀
🎗Реквизиты для оплаты в актуальной сториз,или по запросу вышлю
⠀
Работы девочек из тестовой группы посмотреть можно по тегу #ksy_crochet_mk и #ksy_crochet_mk_grey
________________________";1557056454;689;6770096511;False;мастерклассвязание
BxFKrLnD-ye;"МК «Ассоль""
⠀
Рада представить вам МК по вязанию крючком свитера-косоворотки для девочки ""Ассоль""
⠀
🎗МК в формате pdf - 35 страниц
⠀
🎗Содержит в себе подробный алгоритм расчётов и вязания свитера крючком со схемами, фотографиями, таблицами и текстовым описанием.
⠀
🎗Пряжа - 165-210м/50гр
⠀
🎗Размерная таблица - с рождения до 10лет. Но связать можно на любой размер!!! Нет привязки к моей плотности вязания!
⠀
🎗Стоимость 330 рублей до 10 мая включительно. Далее 400 рублей. Для покупки пишите в Директ или WA (прямая ссылка в шапке профиля)
⠀
🎗Реквизиты для оплаты в актуальной сториз,или по запросу вышлю
⠀
Работы девочек из тестовой группы посмотреть можно по тегу #ksy_crochet_mk и #ksy_crochet_mk_assole
____________________";1557059042;457;6770096511;False;мастерклассвязание
BxFWpREjqmB;"Это еще не всё, чем я занималась сегодня... Но это не столь важно, чем то, что на фото.
⠀
📝 Докладываю: расчёты горловины произведены! К занятиям готова! Главное, 🤔 теперь всё это вам правильно донести и чтоб вы не разбежались 🏃🏃🏃от меня в рассыпную с выпученными глазами 😱 и с криком: ""Что это? Мне этого не надо! Ааааа! Страх то какой!""
⠀
© Не так страшен чёрт, как его малюют, ребята! 😉 Разберёмся со всем по порядку, с чувством, с толком, с расстановкой... Я знаю, вы у меня смелые! 💪
⠀
Ну что? Вы остаетесь со мной? 😊";1557065318;102;2251856427;False;мастерклассвязание
BxFafBiAXAE;"Мк будет😎
.
Сегодня доделываю и завтра можно будет купить!
.
📬Всем кто купил мк по предзаказу завтра вышлю на почту
.
.
.
.
.
.
.
Ленивец свободен и ищет дом
Цена 30 BYN/ 1500 RUB
.
По всем вопросам пишите в директ или на любой мессенджер +375291202206, или перейдя по ссылке в шапке профиля";1557067331;127;8296196519;False;мастерклассвязание
BxFc1_zj_HP;"Здравствуйте, мои дорогие!😘
****************************************
У меня готов мастер класс красивого яркого Детского пледа «Мамино солнышко» 🌞😁
*
Вяжется из мягкого полухлопка - Gazzal baby cotton XL ; оригинальным ажурным узором в сочетании со жгутами. *
Цвет солнечный, приятный глазу, подойдёт и мальчикам и девочкам 👧🏻👦❤️
*
Очень удобно использовать в кроватке, коляске , да и вообще, где захотите. Прекрасно украсит интерьер детской комнаты. *
Отличная идея для подарка🎁👍
********************
С удовольствием поделюсь с вами бесплатным описанием всего за два условия:
🔹поставить лайк ❤️этому посту
🔹и быть в числе моих подписчиков😘
******************************************
Жду именно в Директ‼️ваши ‼️правильные ☝️электронные адреса ( в комментариях могут потеряться😉) ******************************************
Всем добра! 
Ваша Екатерина😘

Мои мк➡️ #rovnaja_petelka_mk";1557068568;315;5829277603;False;мастерклассвязание
BxFgfDjjoJL;"Вяжем с Мишкой :)🐻➿
✅Напоминаем, что 11 мая в нашем Клубе вязания состоятся сразу 2 мастер-класса:
🔶1. С 10.00 до 14.00 - ""подрез в реглане, ложная кеттлевка"". (осталось 2 места).
🔷2. С 15.00 до 19.00 - ""реглан с ростком. Круглый вырез, V-образный вырез"".(осталось 3 места).
Группы - до 5 человек. 
Ждём Вас! -------------------------------------------------------------------------------
#knitted_sea_ #вяжемсмишкой
#мастерклассповязанию
#урокивязания #мквязание #мквязаниеспицами #реглан #мкреглан #реглансростком #кеттлевка #вязаниемк #мастерклассвязание #вязаниемосква #вязаниемск #москвавяжет #уроквязания #клубвязанияknittedsea #школавязания #учувязать #школавязаниямосква #мкповязанию #вязаниеспицы #мкповязаниюспицами";1557070477;67;5016779838;False;мастерклассвязание
BxFiasGAmpP;"🎉Мастер-класс ""Круглая сумка""🎉
.

Целый чемодан вязаных хитростей по цене чашки кофе в Starbucks☕
.

Я дооолго собиралась😃
И вот - та-дааам!! С пылу, с жару, горяченький МК готов к работе! Впереди еще одни длинные выходные, и когда как не сейчас связать себе обновочку к лету?!💃
.

Мастер-класс по вязанию сумки состоит из двух частей. Первая часть непосредственно по вязанию самой сумки, вторая - по шитью подклада. .

В данный момент доступна первая часть МК в видео-формате + схема вязания круга.
.

МК состоит из 5 блоков:

1. Обзор материалов (определяем необходимые материалы, выбираем номер крючка для вязания)
.

2. Вязание боковин сумки (осваиваем бесшовное соединение рядов, схему круга со смещенными прибавками, учимся укреплять вязаное полотно)
.

3. Вязание донышка сумки (вяжем прямоугольник с ровными краями)
.

4. Вязание ручек сумки (учимся вязать чуть ли не единственные в своем роде плоские ручки)
.

5. Сшивание деталей (осваиваем самый прочный трикотажный шов, любуемся связанной нами красотой😁)
.

Кроме того, я всё время на связи, если что-то не будет получаться - я всегда помогу, подскажу🤓
.

Стоимость первой части МК 400₽, второй части - 350₽. .
При покупке МК до 10.05.2019 действует специальное предложение:
- 10% скидка на первую часть МК - итого 360₽
+ 30% скидка на вторую часть - итого 245₽ (действует бессрочно)🤩
.
.

Перевод можно отправить на карту Сбербанка, ВТБ или ПочтаБанка.
.

После оплаты отправляю МК на ваш адрес электронной почты.
.

Буду рада ответить на любые вопросы!😊";1557071490;527;2474943353;False;мастерклассвязание
BxFj4XQDkgh;"Ищу вязальщиц для тестирования😺игрушки!

Всем огромный привет! Ну вот, как я и обещала готов мой первый МК🤘 на кота-барабанщика!
Но прежде чем его запустить, прошу отозваться девочек, которые хотели бы протестировать МК.
Вы можете оставлять комментарии📝 под этим постом👇, я погуляю по вашим страничкам, если меня заинтересует кто-то из ➡ комментирующих, я напишу Вам в директ.

Но для начала обязательно прочтите условия❗ для тестирования МК Вам необходимо:
✨ уметь вязать крючком и спицами;
✨ иметь представление о сухом валянии;
✨ у Вас должно быть в наличии - пряжа (желательно мохер), проволока в оплетке, глазки, шерсть для валяния 2х цветов, иглы для валяния, спицы и крючок;
✨честность и ответственность;
✨ хорошее настроение и желание вязать!

Для тестирования МК я даю 10 дней.

Дальше на своей странице, после того, как игрушка связана, Вы размещаете пост с её фотографией и с текстом в начале поста: игрушка связана по МК @izjuminka_amigurumi
💕Далее текст на Ваше усмотрение.

От меня Вы получаете👇
⏩ бесплатный МК по коту;
⏩ открытку с котиком в подарок 🎁 за старания (отправлю почтой);
⏩ душевное спасибо🙏💕 за отзывчивость!

Жду Ваши предложения 🤗🤗🤗 и пояснение в комментарии - почему я должна выбрать именно Вас!
~~~~~~~~~~~~~~~~~~~~~~~~~~~~
#мастерклассвязание #тестированиемк #вязаниекрючком #бабушкавяжет #вязанаяшапка #вязаныйшарф #вязаныйжакет #вязанаяюбка #вязаныеигрушки #игрушкикрючком #амигуруми #вяжу #люблювязать #школавязания #учусьвязать #вяжукрючком #вяжуспицами #пинеткикрючком #вязаныйкомбез #вязаныйплед #пледкрючком #вязаныйсвитер #вязанаяшаль #подарокмузыканту #музыкальныеподарки #барабанщик #вязаныйкот #вязаныймишка #вязаныйзаяц #вязаниеспицами";1557072257;229;8582620375;False;мастерклассвязание
BxFt6xuD77l;"Ой-ой, запрыгну-ка я в последний вагон уходящего поезда 😀 Участвую в бесплатном марафоне ""инструкция к инстаграм от @des_byolga"". Кстати, от себя, очень люблю смотреть прямые эфиры @des_byolga никакого сюсюкания💯только полезная информация и волшебные пинки 😀👍";1557077520;75;6007536952;False;мастерклассвязание
BxGZqxqnGgu;"🎆Открываем новую постоянную рубрику ""Обучение"".🎆
⠀
Если вы давно мечтали научиться вязать крючком милые игрушки амигуруми, но никак не решались попробовать...😬
⠀
или однажды попробовали, но результат не оправдал ваши ожидания...😩
⠀
...то эта рубрика для вас.
⠀
И даже если вы давно уже знакомы с крючком и таким искусством, как амигуруми, то для вас в этом разделе тоже будет много интересного. 🙃😜
⠀
Будем вместе вязать и обмениваться опытом.🤓
⠀
А пока, я расскажу о инструментах и материалах, которыми я работаю (см. видео)👆
⠀
❓❓❓
А вы умеете вязать крючком? 
Или, может, вы предпочитаете спицы? 
Что больше всего вам нравиться вязать? 
Какую пряжу и крючок используете?
❓❓❓
⠀
‼️Оставляйте комментарии✍️, ставьте лайки♥️, ведь я стараюсь для вас и мне будет очень приятен ваш отклик. 🤗
⠀
А в следующих видео я расскажу и покажу, как правильно подобрать крючок, с каких мастер-классов лучше начинать обучение и ещё много интересного.😊😊😊
⠀
‼️‼️‼️Оставайтесь со мной, подписывайтесь на новости👆🏼 😉";1557100458;34;9742787735;False;мастерклассвязание
BxH0pyGDHGe;"Меринос SUDWOLLGROUP  арт.VICTORIA Италия 🇮🇹 ⠀
✅Состав: 100% меринос.
⠀
✅Метраж :1500на 100гр
⠀
✅Цвет: в ассортименте(см. на фото)
⠀
✅Цена:100гр-270рублей.
⠀
✅Наличие: уточняйте в Директ.
⠀
✅отмот от100 гр.
⠀
❗️образцы связаны в три нити.
⠀
✳️Вопросы в Директ. Отвечу всем 💕
⠀
✳️Сайт ещё пока в разработке.
⠀
Ждём , любим и вяжем с Olinda ❤️❤️❤️
⠀ #мериносolinda
#меринос
#вязатьмодно  #итальянскаяпряжа  #бобиннаяпряжа
#студияпряжи #купитьпряжумосква
#пряжасяком #кашемиршёлк #твидоваяпряжа #пряжамосква #пряжахлопок
#вяжутнетолькобабушки #пряжапайетки
#пряжаслюрексом #мохер #мохерслюрексом #BabiStore #вязаниемосква
#пряжамеринос #пряжакашемир #пряжатвид #пряжаальпака
#мастерклассвязание #ангора #мериносVictoria";1557148160;166;11544129281;False;мастерклассвязание
BxH40fbjW0W;"Меринос Biella Yarn Италия 🇮🇹
⠀
✅Состав: 100% меринос.
⠀
✅Метраж :1500на 100гр
⠀
✅Цвет: в ассортименте(см. на фото)
⠀
✅Цена:100гр-240рублей.
⠀
✅Наличие: уточняйте в Директ.
⠀
✅отмот от100 гр.
⠀
✳️Вопросы в Директ. Отвечу всем 💕
⠀
✳️Сайт ещё пока в разработке.
⠀
Ждём , любим и вяжем с Olinda ❤️❤️❤️
⠀ #мериносolinda

#вязатьмодно  #итальянскаяпряжа  #бобиннаяпряжа
#студияпряжи #купитьпряжумосква
#пряжасяком #кашемиршёлк #твидоваяпряжа #пряжамосква #пряжахлопок
#вяжутнетолькобабушки #пряжапайетки
#пряжаслюрексом #мохер #мохерслюрексом #BabiStore #вязаниемосква
#пряжамеринос #пряжакашемир #пряжатвид #пряжаальпака
#мастерклассвязание #ангора #мериносVictoria";1557150345;97;11544129281;False;мастерклассвязание
BxH5myllV0s;"Майские праздники без шашлыков?🤨
⠀
Мы тоже не представляем как это. Если у Вас нет времени или возможности выехать за город, Вы можете прекрасно провести время в нашей студии, пожарив шашлыки и овощи на открытой террасе в кругу друзей. Даёшь шашлыки в новом формате 😄 Свободные даты для бронирования:
⠀
🍗 10 мая (пятница)
🍗 11 мая (суббота)
🍗 12 мая (воскресенье) ⠀
Запись на занятия или бронирования мест в Директ или по телефону 235-003
⠀ ⠀ ⠀
#студиявилка #вилкаижевск #кулинарнаястудия #мастерклассвязание";1557150757;173;1069992038;False;мастерклассвязание
BxH6GvjDyYM;"Меринос Botto Giuseppe Италия 🇮🇹
⠀
✅Состав: 100% меринос экстрафайн.
⠀
✅Метраж :2400на 100гр
⠀
✅Цвет: в ассортименте(см. на фото)
⠀
✅Цена:100гр-240рублей.
⠀
✅Наличие: уточняйте в Директ.
⠀
✅отмот от100 гр.
⠀
✳️Вопросы в Директ. Отвечу всем 💕
⠀
✳️Сайт ещё пока в разработке.
⠀
Ждём , любим и вяжем с Olinda ❤️❤️❤️
⠀
#мериносolinda
#вязатьмодно  #итальянскаяпряжа  #бобиннаяпряжа
#студияпряжи #купитьпряжумосква
#пряжасяком #кашемиршёлк #твидоваяпряжа #пряжамосква #пряжахлопок
#вяжутнетолькобабушки #пряжапайетки
#пряжаслюрексом #мохер #мохерслюрексом #BabiStore #вязаниемосква
#пряжамеринос #пряжакашемир #пряжатвид #пряжаальпака
#мастерклассвязание #ангора #мериносVictoria";1557151018;139;11544129281;False;мастерклассвязание
BxHBz6nA1H2;"😕 БЕДНАЯ ДОЛЛИ?

Вы же помните как всколыхнуло мир известие о первом клонировании? И овечка 🐑 Долли навсегда вошла в историю!

Так же колыхают соцсети рукодельниц сообщения про очередное «клонирование» игрушек.

Кто-то призывает лезть на баррикады. Писать сообщения. Блокировать. Прилюдно стыдить.

Кто-то относится ко всему философски. Мол, это неизбежно. Если игрушка понравится, все равно сопрут. И без ваших авторских описаний перевяжут. И без всяких 😤 угрызений совести перепродадут.

На личном примере могу сказать, обидно когда «клонируют» очень. 
Для создания игрушки нигде ранее не светившейся уходит очень много времени. Найти ту самую изюминку, когда кажется что перевязано уже все, ох как непросто 🤔. Пишу свой первый мк. Саму игрушку перевязываю уже в сотый раз. Хочется и простоты ( ведь это обычная сплюша) и оригинальности одновременно.

Я пока для себя не решила, борец ли я за справедливость или позитивный философ 😂😂😂 . А вы бы банили или относились к краже идей спокойно?";1557121504;19;3448603219;False;мастерклассвязание
BxHF8ZhFOyY;"1 часть подробного мастер-класса  по изготовлению вязаных босоножек. Отсняла на примере туфелек зеленого цвета. Листайте карусельку, не забывайте ставить лайки, делать закладки и подписываться.
Все работы в моем магазине сделаны мною вручную и продаются, все пары можно заказать в вашем размере и цвете.
#мастеркласс #вязаныеидеи #вязаниеукраина #вязанаямода  #вязаниекрючком #вязание #вязанаяобувь #вязаниеназаказ #мастерклассповязанию #мастерклассвязание #наширукинедляскуки #авторскаяобувь #вяжутнетолькобабушки #вязаниеспицами #обувьназаказ #обувьназаказукраина #босоножки";1557123671;1547;5999370124;False;мастерклассвязание
BxHJpLYBqo4;"Приветствуем всех в новой рабочей трехдневной неделе!😁💥⠀ ⠀⠀
Как прошли ваши выходные? Да, оговорочка.. пролетели. 🙈Выходные могут только пролетать. ⠀⠀
Может, пора вводить в школе сочинение “Как я провел майские праздники”? 😜⠀ ⠀⠀
⠀
Как у вас? Были эти дни для вас плодотворными? Успели сделать все, что планировали? Может, съездили куда-то отдохнуть или до сих пор отдыхаете? Посадили картошку?😎😏⠀⠀
⠀
Но больше всего нас интересует- ̶м̶о̶л̶и̶л̶и̶с̶ь̶ ̶л̶и̶ ̶в̶ы̶ ̶н̶а̶ ̶н̶о̶ч̶ь̶,̶ ̶Д̶е̶з̶д̶е̶м̶о̶н̶ы̶? Вязали ли вы на выходных?😇 Хоть что-то? Успели? Мы надеемся, что да! Не одни же мы такие преданные своему любимому делу.💪🏻 ⠀⠀
⠀
Напишите ̶с̶о̶ч̶и̶н̶е̶н̶и̶е̶, в комментариях, как вы провели эти праздничные дни? Оценок не будет, только лайки❤💛💚";1557125610;295;4243581788;False;мастерклассвязание
BxHKaCvjYz6;"Доброе утро!
⠀
Получили приглашение на свадьбу и в поисках стильного и оригинального подарка для молодожёнов? Предлагаю связать пару медведей “Жених и невеста”(высота 10 см), которые станут оригинальным дополнением к свадебному подарку для молодоженов.
⠀
💐 МК в формате PDF с подробным описанием процесса вязания и сборки игрушек.
💐Список необходимых материалов
💐 Фото процесса вязания.
💐 Оплата на карту Сбербанка, Альфа банка, Яндекс деньги.
💐Для покупки МК 👉напишите мне в директ или в WtasApp/Telegram (ссылка в шапке профиля) или оставьте комментарий здесь.
⠀
Стоимость мастер-класса до 12 мая 199 р. С 13 мая - 299 р.
⠀
⠀  Очаровательная пара медведей ""Жених и Невеста"" станет не только стильным дополнением к свадебному подарку, но и уникальным аксессуаром на свадебной фотоссесии. Кроме того, такую пару можно подарить на годовщину свадьбы и вместе с ними отпраздновать торжество!
⠀
⠀
#nkazantseva #nkazantseva_mk #амигурумисхемы #вподарок #мк #подарокблизким #своимируками #креативныеподарки #нacтроениепн #amigurumipattern #handmade_piaraktiv #weamigurumi #мквязаниекрючок #аксессуарнасвадьбу #мастерклассвязание #свадьба2019 #женихиневеста #школавязания #подарокнасвадьбуручнойработы #идеядляподарка #идеядляфото #crochetpattern #crochettoy #amigurumibear #мастерклассы #вязаныймишка #villy_vanilly_shop";1557126011;241;8657673584;False;мастерклассвязание
BxHN_LOD-x_;"💞ОТЗЫВЫ💞

Ну что, первая пора майских выходных закончилась😊 ждём продолжения 😉

А у меня тут отзыв ❤
Делюсь с вами приятными моментами🤗";1557127888;302;6933052634;False;мастерклассвязание
BxHTXyxAu2H;"Всем доброе утро!
10 мая в 11.00 и 11 мая в 14.00 приглашаем на стильный мастер-класс «Сумка - Морская ракушка».
Диаметр - 17 см
Мк для тех, кто хоть когда-то держал в руках крючок для вязания :)
Продолжительность - 5-6 ч
Стоимость - 580 грн
Запись - 0677087178 Татьяна  #мастерклассодесса #мастерклассвязание #мастерклассыодесса #обучение #вязание #крючоквязание #вязаниекрючком #одессамастеркласс #одессавяжетдружно  #одесса_вяжет_дружно  #вязанаясумка  #сумкаизтрикотажнойпряжи";1557130711;43;5814276210;False;мастерклассвязание
BxHUamDDzn9;"С первым трудовым ! 😊
Пока всех не накрыла вторая волна праздников, я хочу в сторис к @mania_amigurumi , а Вам предлагаю связать вот такие конфетки🍭
.
Листайте фото, там полное описание🌸
.
Отмечайте свои работы текстом: Вяжу конфетки с @barabatik_toys и я обязательно похвастаюсь ими в сторис ❤️
#мания_амигуруми";1557131258;73;8331599342;False;мастерклассвязание
BxHWK1ujO2L;"Привет, друзья!

Начнём неделю легко! Всего три дня (6,7,8 мая) СКИДКА 20% на любой мастер класс из галереи!

1. Ковёр «Морской» - 💰 320₽ (вместо 400₽)
2. Ковёр «Мотивы» - 💰 440₽ (вместо 550₽)
3. Ковёр «Лис» - 💰 320₽ (вместо 400₽)
4. Сумка на пояс - 💰 360₽ (вместо 450₽)
5. Пуф спицами - 💰 480₽ (вместо 600₽)
6. Корзинка - 💰 280₽ (вместо 350₽)
7. Сумка Солнце- 💰 400₽ (вместо 500₽)
_
Но это ещё не всё!
❗️При покупке двух МК - скидка 25%
❗️При покупке трёх МК - скидка 30%
_
Купить МК👇🏻
✔️комментарий под фото
✔️direct";1557132178;127;517295381;False;мастерклассвязание
BxHWXu5DmaA;"Совушка🦉 Описание в карусели.
.
.
.
🌸Автор: @svetlana_b_workshop 🌸
Заходите к ней, там очень много игрушек в наличии!
.
.

______
.
#совакрючком #вязанаясова #вязанаясовушка #мксовы #мккрючком #мастерклассвязание #описаниебесплатно #схемавязаниякрючком #схемавязания #схемаамигуруми #мкамигуруми #амигуруми #амигурумисвоимируками #вязание_крючком #соваамигуруми #описаниеамигуруми #crochettoy #amigurumitoy #amigurumipattern #amigurumilove #игрушкиручнойработы #игрушкисвоимируками #игрушкикрючком #вязаныеигрушки #описаниевязания";1557132283;3869;8387052644;False;мастерклассвязание
BxHWb7ehwHq;"МК Cherries Shawl (Вишенки)🍒
_
Данный МК содержит в себе описание хода работы от набора до закрытия петель, схемы, рисунки, видео сложных моментов. 
Также для тех, кому сложно ориентироваться по схемам, приведено полное порядное описание для стандартного размера бактуса (на 152 ряда) 
_
Формат PDF позволяет открывать файл с любого устройства - компьютера, планшета, телефона.
_
Шаль имеет треугольную форму, вяжется от середины основания к кайме.
Оригинальная пряжа - Lana Gatto Harmony, 100% мериносовая шерсть, 1500м/100г в 6 сложений нити.
Спицы 4.
В МК вы найдёте множество альтернативных вариантов пряжи.
_
❗Сегодня и завтра 6-7 мая можно приобрести данный МК со скидкой❗
💳250₽ (обычная цена 350₽)
_
Для этого нужно написать мне в Директ или WhatsApp (прямая ссылка есть в шапке профиля основного аккаунта @olga_shkineva_ )
_
Оплата производится на карту Сбербанка для жителей России и PayPal для других стран. 
_
Всем хорошего дня и приятного вязания!😘⚘⚘⚘
_
#mk_cherries_shawl";1557132318;68;8382066892;False;мастерклассвязание
BxHX6xWD3PQ;"Наверное, вы уже заметили, в моем профиле появились новые куклы 🙂.
⠀
Хотела связать их давно, но почему-то не вязала. Даже объяснения не могу найти.
⠀
А теперь, как говорится, дорвались 😁. Посчитала, и ахнула, в апреле связала аж 7 заготовок! А теперь наряжаю.
⠀
Пришлось вытащить швейную машину. И хотя обеденный стол у нас большой, теперь на нем свободен маленький пятачок для членов семьи, если они захотят перекусить 😁😁😁. А ваши увлечения, хобби причиняют неудобства семье? И что они говорят в таких случаях? 🙂
⠀
Куклы предназначены для любого возраста, я  специально не стала применять проволочный каркас. Волосы из ниток, чтобы не путались, одежда съёмная.
⠀
Рост куколки на фото 29см";1557133095;634;6939858340;False;мастерклассвязание
BxHXSNgnR76;"Всем привет 🌼🌼🌼
Предлагаю вашему вниманию новый видео мк.
Узор не сложный, но смотрится интересно.

Рапорт: 6 петель + 1 петля для симметрии + кромочные

Высота узора: 8 рядов. В видео ряды 1 и 2 вяжем один раз, далее повторяем с 2 по 10 ряды.
.
💥Образец сине-голубой связан из пряжи Gazzal Organic Cotton
💥Образец пушистый серый связан из пуха норки (в одну нить)

Всем приятного вязания 😘😘😘 #вязаниеспицами #вяжутнетолькобабушки #мквязание #мастерклассыповязанию #мастерклассвязание #урокивязания #узорыспицами";1557132762;3967;1596699;False;мастерклассвязание
BxHXVxZDtHO;"Планы на май⠀
⠀
Ого! 😯 Сегодня уже 6 мая!!! А я еще даже не думала,  не то что записать... про планы на май! 😒⠀
⠀
Вот это праздники... под затянулись... 😏 И я подзабросила работу 😣 ай-яй-яй... 😟⠀
⠀
Нет,  вязание я не бросала😊 А вот инстаграм свой... 😣 Ну все!  Телефон сменила,  хорошенько отдохнула!  пора в бой! 😍😍😍 ⠀
⠀
А вы уже написали план на май или вы таким не занимаетесь? 😉⠀
⠀
❤❤❤всех люблю!!! ❤❤❤";1557132791;163;4061669889;False;мастерклассвязание
BxHZLEvDqgU;"😉Хотите летний топ? Предлагаем вот такой вариант: 🌸Нежный, летний Топ от мастера @aniborodina 🌸
.

Мастер ❤ @aniborodina зайдите в гости посмотрите мимишность 🥰 
и схема-описание в карусельке. . 
Расчёты указаны на 42-44 размер. Связано на спицах номер 3 из комбинации 2 ниточек : Silky Lace от Katia 260 м / 50 гр, состав 80% меринос экстрафайн, 20% шёлк и люрекса с пайетками Galaxy от Seam (340 м/ 25 гр). Расход пряжи : 85 г Katia + ок 30 гр люрекса с пайетками. . ——————————————— Сохраняйте, вяжите с удовольствием!!!
Нам ❤ не забываем😉";1557133752;1675;6164542339;False;мастерклассвязание
BxHqJbcB1rs;"Привет, друзья!

Начнём неделю легко! Всего три дня (6,7,8 мая) СКИДКА 20% на любой мастер класс из галереи!

1. Ковёр «Морской» - 💰 320₽ (вместо 400₽)
2. Ковёр «Мотивы» - 💰 440₽ (вместо 550₽)
3. Ковёр «Лис» - 💰 320₽ (вместо 400₽)
4. Сумка на пояс - 💰 360₽ (вместо 450₽)
5. Пуф спицами - 💰 480₽ (вместо 600₽)
6. Корзинка - 💰 280₽ (вместо 350₽)
7. Сумка Солнце- 💰 400₽ (вместо 500₽)
_
Но это ещё не всё!
❗️При покупке двух МК - скидка 25%
❗️При покупке трёх МК - скидка 30%
_
Купить МК👇🏻
✔️комментарий под фото
✔️direct";1557142652;84;4839716089;False;мастерклассвязание
BxHu7wXD9K5;"Меринос AMICO TECK арт. AMI Италия 🇮🇹 ⠀
✅Состав: 100% меринос.
⠀
✅Метраж :1500на 100гр
⠀
✅Цвет: на фото в ассортименте.
⠀
✅Цена:100гр-240рублей.
⠀
✅Наличие:-уточняйте в Директ
⠀
✅отмот от100 гр.
⠀
❗️образцы связаны в три нити.
⠀
✳️Вопросы в Директ. Отвечу всем 💕
⠀
✳️Сайт ещё пока в разработке.
⠀
Ждём , любим и вяжем с Olinda ❤️❤️❤️
⠀ #мериносolinda
#меринос
#вязатьмодно  #итальянскаяпряжа  #бобиннаяпряжа
#студияпряжи #купитьпряжумосква
#пряжасяком #кашемиршёлк #твидоваяпряжа #пряжамосква #пряжахлопок
#вяжутнетолькобабушки #пряжапайетки
#пряжаслюрексом #мохер #мохерслюрексом #BabiStore #вязаниемосква
#пряжамеринос #пряжакашемир #пряжатвид #пряжаальпака
#мастерклассвязание #ангора #мериносVictoria";1557145161;120;11544129281;False;мастерклассвязание
BxHuHr2jKsX;"Меринос AMICO TECK арт. AMI Италия 🇮🇹 ⠀
✅Состав: 100% меринос.
⠀
✅Метраж :1500на 100гр
⠀
✅Цвет: на фото в ассортименте.
⠀
✅Цена:100гр-240рублей.
⠀
✅Наличие:-уточняйте в Директ
⠀
✅отмот от100 гр.
⠀
❗️образцы связаны в три нити.
⠀
✳️Вопросы в Директ. Отвечу всем 💕
⠀
✳️Сайт ещё пока в разработке.
⠀
Ждём , любим и вяжем с Olinda ❤️❤️❤️
⠀#мериносolinda
#меринос
#вязатьмодно  #итальянскаяпряжа  #бобиннаяпряжа
#студияпряжи #купитьпряжумосква
#пряжасяком #кашемиршёлк #твидоваяпряжа #пряжамосква #пряжахлопок
#вяжутнетолькобабушки #пряжапайетки
#пряжаслюрексом #мохер #мохерслюрексом #BabiStore #вязаниемосква
#пряжамеринос #пряжакашемир #пряжатвид #пряжаальпака
#мастерклассвязание #ангора #мериносVictoria";1557144735;190;11544129281;False;мастерклассвязание
BxHydhVDR9M;"Меринос SUDWOLLGROUP  арт.VICTORIA Италия 🇮🇹 ⠀
✅Состав: 100% меринос.
⠀
✅Метраж :1500на 100гр
⠀
✅Цвет: в ассортименте(см. на фото)
⠀
✅Цена:100гр-270рублей.
⠀
✅Наличие: уточняйте в Директ.
⠀
✅отмот от100 гр.
⠀
❗️образцы связаны в три нити.
⠀
✳️Вопросы в Директ. Отвечу всем 💕
⠀
✳️Сайт ещё пока в разработке.
⠀
Ждём , любим и вяжем с Olinda ❤️❤️❤️
⠀#мериносolinda
#меринос
#вязатьмодно  #итальянскаяпряжа  #бобиннаяпряжа
#студияпряжи #купитьпряжумосква
#пряжасяком #кашемиршёлк #твидоваяпряжа #пряжамосква #пряжахлопок
#вяжутнетолькобабушки #пряжапайетки
#пряжаслюрексом #мохер #мохерслюрексом #BabiStore #вязаниемосква
#пряжамеринос #пряжакашемир #пряжатвид #пряжаальпака
#мастерклассвязание #ангора #мериносVictoria";1557147011;186;11544129281;False;мастерклассвязание
BxIA0DDBHYf;"Звучат фанфары, аплодисменты, стреляют салюты, ведь мы объявляем победителя нашего марафона🔥 “Огненная весна” 🔥#Огненная_весна_myfergyschool ⠀ ⠀
Здесь зрители аплодируют, аплодируют, аплодируют,  закончили аплодировать. 😁⠀
И.. нашей победительницей становится @pryazha_v_groznom! Поздравляем! И дарим Вам два любых  урока из нашей школы на выбор! Урааааа🤗⚡🍾🎉💐⠀
Но мы не смогли пройти мимо работ @shapka_varegka и дарим Вам приз зрительских симпатий - любой урок на выбор из нашей школы.🎁⠀ ⠀
Все девочки настоящие рукодельницы! Связали такую красоту! Спасибо большое  всем за участие!💞⠀ ⠀
Понравилось в нашем марафоне? Какое изделие далось вам с легкостью, а на каком вы хотели всё бросить?😌 ⠀
Были ли у нас новички, которые первый раз вязали по нашим урокам? Как вам? Было ли все понятно?🤔";1557154535;109;4243581788;False;мастерклассвязание
BxIDYh5Dmrl;"Сегодня буду втюхивать Вам свой первый ""продажный"" мастер-класс. Я ж мастер, пора уже класс показать! 😀

Дайте мне сердечек)) Зря что ли я пыжилась, страдала, ночами не спала работала! Ладно, завралась совсем, сплю я ночами аки медведь в зимней спячке. Но я все равно старалась! Вам же не жалко, а мне счастье будет 😁

Итак. Хороший МК - это:
- когда все понятно,
- когда позитивно,
- когда есть котик :)
У меня хороший МК! Зуб даю 😀

МК содержит схемы, пошаговое текстовое описание, фотографии процесса. Формат pdf. Все описано подробно. Кот получится 7,5 см высотой без хвоста. Его можно будет использовать как игрушку, также из него получится отличный брелок или брошка. 👍

Такого кота свяжет любой, кто умеет вязать воздушные петли, столбики без накида, соединительные столбики, кольцо амигуруми, прибавки и убавки. Фсё, больше умений не нужно. 😀

Цена - 150 руб. Первым 10 приобретателям, даю бонус - 20% скидку. Кото-поклонники, спешите купить 😀

МК является авторским, я лично вложила в него много сил и времени и еще мужа припахала в помощь. Поэтому прошу в сети не распространять. А если будете постить фотки котов, связанных по этому МК, указывайте мое авторство через активную ссылку на меня @marusin_uzelok. Спасибо за понимание 🙏

Чтобы купить МК, напишите мне любым удобным для Вас способом, контакты наверху в шапке профиля. Файл отправлю сразу после оплаты, куда скажете 😉

Такой кот есть в наличии, можно и не вязать, а сразу купить: #marusin_uzelok_вналичии 😃

#мастерклассигрушка #мастерклассвязание #вязаниекрючокмастеркласс #вязаныеигрушкимастеркласс #каквязатьигрушки #мягкаяигрушкакот #вязаныеигрушкикрючкомсхемы #вязаныеигрушкисхемыиописания #схемакрючокигрушка #вязаниекрючоксхема #детскиеигрушки #мягкиеигрушкисвоимируками #описаниеигрушкикота #игрушкикрючкомкот #игрушкакошка #мастеркласскрючок #схемаописаниекрючок #крючоквязание #коткаксвязатькрючком #игрушкасплюшка #мягкийбрелок #простоймастеркласс #оригинальныйподарок #подаркиручнойработы #marusin_uzelok_вналичии";1557155883;39;5666996594;False;мастерклассвязание
BxIFtColrMh;"Зарабатываем ежедневно от 500-5000₽ 💸в день☝🏻
.
☑️работа подходит для всех
☑️2-3часа в день
☑️без начальников
☑️доход на карту
➖не пирамида,не сетевой,не глобус 
Хватит проводить своё время впустую ,проводи время с пользой 💪🏻
.

Желающие зарабатывать как я💪🏻Пишите в Директ 📨или в ватсап ссылка в шапке профиля";1557157099;729;8729398195;False;мастерклассвязание
BxILhbCjaGd;"Наконец-то готов мой МК по зайчатам 🐰🐰!
⠀ ⠀
📜 Мастер-класс в формате PDF состоит из 23 страниц. Рост игрушки при использовании указанных материалов – 27-28 см. По этому МК вы сможете связать зайчика, заю и все одежки, как на фото!
⠀ ⠀
📝 Включает:
📎 список необходимых материалов (листайте карусельку);
📎 пошаговое описания процесса вязания, сборки и оформления;
📎 75 фотографий
⠀
💰 Цена: 120 грн/290 рублей
⠀ ⠀
✒ Игрушка связана крючком
✒ Уровень сложности: средний
✒ После получения оплаты высылается ссылка на скачивание файла
✒ Для приобретения пишите в Директ или в комментариях к посту
⠀
⠀
⠀

И я хочу в сторис к @mania_amigurumi #мания_амигуруми
⠀
⠀
⠀
⠀
⠀ ⠀ ⠀
⠀
⠀
⠀
⠀
⠀

#игрушкикрючком #амигурумизайка #амигурумизайчик #мастеркласс #вязаныйзайка #вязаныеигрушки #amigurumi #handmade #amigurumitoys #crochetbunny
 #amigurumimagazine #мастерклассповязанию #описаниевязания #_МК_nz #luxchat_пораnaraboty #crochetdesing #crochetpattern #hand_made_928 #мастерклассвязание #weamiguru #проект_ilovehandmade #handmade_oops #space_hm #ht_handmade #handmadeworld1 #superhm #instagurumi #handmade_igruhski #pattern";1557160150;319;7291472778;False;мастерклассвязание
BxIMtx3D3vT;"🐻Автор мишки: Звягинцева Елена
.
#игрушка #мкигрушки #вязаныймишкамк #схемавязания #описаниеигрушки #мкнаигрушку #люблювязать #долфинбэби #вяжудетямназаказ #плюшеваяпряжамосква #вяжутнетолькобабушки #плюшеваяпряжасмоленск #плюшеваяпряжа #ярнарт #дольче #ярнартдольче #мастеркласс #мастерклассвязание";1557160775;105;11282337592;False;мастерклассвязание
BxIQ_lsjajx;"Работа из фактурной пряжи Камелия от @nadezhda_lab
##радуга_вязания #вязание #вязаниекрючком #вязаниеспицами #мастерклассвязание #хендмейд #сумкакрючком #вязанаясумочка #сумочкаизтрикотажнойпряжи #knit #knitting #crochet #pattern #patterns #tyarn #tshirtyarn #handmade #trapillo #diy";1557163018;96;4009313291;False;мастерклассвязание
BxIZKaEAyJU;"Запись в тестгруппу на эту прелестную сумку ""Waves"" продолжается!!!
Показываю вам как она смотрится в цвете Лен. По-моему, она в любом цвете ВАУ😄 Участие в тестгруппе символические 5 бел.руб или 160 рос.руб. А сколько вы приобретете навыков и опыта, вступив нее!!!👍Все условия смотрите под постом с такой же сумкой в цвете Горчица ниже в нашем профиле! Не забываете отмечать #тестгруппа_beebusy_school и мы отреагируем молниеносно лайком❤
А мастер @vasiltsova_knitting в своем профиле ответила на самые часто задаваемые вопросы по тестгруппе! Загляните к ней😉";1557167301;333;5315004841;False;мастерклассвязание
BxImrWTDZNq;"Приглашаем на 
Стильный Мастер Класс 🎓📚
Сумка - ""Морская ракушка» 🐚
10 мая (пятница в 11.00) и 
11 мая (суббота в 14.00) 
Диаметр - 17 см, трикотажная пряжа.
Мк для тех, кто хоть когда-то держал в руках крючок для вязания. 👐
Продолжительность - 5-6 ч ⏰
(Стоимость - 580 грн)

Запись по телефону: 📲 +380635337703 Viber
Спонсор МК Салон-Магазин @rukodelnja
(Трикотажная пряжа, фурнитура, инвентарь)

#мастеркласс #мастерклассвязание #мастерклассыодесса #обучение #вязание #крючоквязание #вязаниекрючком#одессавязание  #одессанастиле  #одессамастеркласс #одессавяжетдружно  #одесса_вяжет_дружно #вязанаясумка #сумкакрючком #сумкаизтрикотажнойпряжи ⤵⤵⤵";1557174387;26;4904028595;False;мастерклассвязание
BxJ1WqmDR5z;"Привет!! 🐰
А вы знаете что сегодня самый лучший день в году!? 7 мая Акшая Тритья (загуглите если что 😁) в общем надо сегодня загадывать желания! 
Самое - самое 🤩 
составлять, продумывать планы на будущее и визуализировать свою лучшую жизнь 😇

А вы загадываете желания? Как?

На фото :
Самый лучший мышонок😁
Мягкий и пушистый
Отличный друг для ребёнка 😊
На заказ, повтор возможен в любом цвете
Цена 800 рублей плюс почта
Для заказа напишите мне (ссылка в шапке профиля)

Всем продуктивного дня!";1557215636;82;6007536952;False;мастерклассвязание
BxJ79Onj0F9;"🧶Очень красивые убавочки при вязании реглана снизу от @olenka_shai .
👝
. ❤️❤️❤️";1557219414;2373;6164542339;True;мастерклассвязание
BxJBX8wDice;"Обещала- сделала💪
Описание шапки для парня.
Ловите. Пользуйтесь, не забывайте подарить мне 💖.
.
Пряжа Lana Gatto maxi soft 100 %  мериносовая шерсть, 50 гр/80 метров, пряжа BBB Full 50 гр./90 м. 100% меринос, Merino  Extra 90 50 гр./90 м. 100%  мериносовая шерсть, Dolly Maxi 50 гр./87 м. 100% мериносовая шерсть, Drops Big Merino 50 г./75 м. 100% меринос, или другие аналоги 100% шерсть с подходящим метражом. 
Резинка в шапочке – двойная, зафиксирована внутри.
Резинка 1х1, спицы № 3,25, в одну нить. 104 петли.
Набрать 104 п. на бросовую нить. Первый ряд, и далее, рабочей нитью по кругу.
20 рядов на № 3,25. Затем 20 рядов на № 3,5. 
Убрать бросовую нить и аккуратно перенести петельки на спицы. Сформировать отворот: подвернуть провязанное полотно пополам, верхний ряд – текущее вязание, второй ряд петель на спицах – то, где была бросовая нить. Провязываем: по две петли вместе, одну петлю с первого ряда спиц, вторую-со второго ряда спиц. Провязываем первый ряд следующим образом: *11 п.лиц., 1п. изн., 7 п.лиц., 1 п.изн.* и повторяем до конца ряда, ставим маркер.
Второй ряд: *11 п.лиц., из 1 изнаночной петли вывязываем две изнаночные, 7 п.лиц., из 1 изнаночной петли вывязываем две изнаночные*, повторяем до маркера.
Третий ряд: начинаем вязать по схеме.
Провязываем высоту 13 см. Высоту мерим вместе с резинкой.
Начинаем формировать макушку. Убавления делаем через ряд.
В клине, состоящего из 7 лицевых петель, убираем по одной петли в середине. Я провязываю две в середине с наклоном вправо. Убираю, пока в клине е останется по 3 лицевых петли.
Следующее убавление – из двух изнаночных делаем одну.
Далее, делаем убавления в рисунке. Убираем каждый раз по две петли в рисунке в каждом рапорте. Не забываем, что убавления делаем через ряд.
Убавляем, пока в каждом рапорте рисунка не останется по 2 лицевых петли.
Затем, провязываем по 2 петли вместе с наклоном вправо и стягиваем макушку. .
Я обожаю полосочки, к тому же, под рукой много остатков аналогичной пряжи, схожего метража. Поэтому, когда я вяжу для своих домашних, то без полосатиков не обходится. Вы тоже можете попробовать. Полосатики, по моему мнению, гораздо интереснее смотрятся.
Удачных повязушек)";1557188384;219;3662278038;False;мастерклассвязание
BxJeM30DlZH;"ЕДИНОРОЖКА СТЕША🦄💕
.
Приглашаю всех желающих связать вместе со мной игрушку единорожку 🤗🦄
.
💫 Онлайн пройдет в закрытом профиле с 15 по 25 мая (в профиль добавляю после оплаты).
💫 Обычная стоимость участия 200₽, с репостом этого поста в свой профиль (отметить под фото меня @vse_swyazano и не удалять до начала онлайна!) - 150₽. Стоимость МК после онлайна будет 250-300₽.
💫 Для оплаты пишем мне в Директ (платежные системы Сбербанк, PayPal).
💫 Размер готовой игрушки в полный рост 43-45см, в зависимости от плотности вашей вязки.
💫 Обязательно будут прямые эфиры и мое сопровождение. Создам отдельный чат в WhatsApp или тут, в Instagram, где будем общаться и обсуждать возникающие вопросы.
💫 Все участники, после окончания онлайна, получат мастер-класс в формате PDF.
.
❗НО И ЭТО ЕЩЕ НЕ ВСЕ❗
✔ Бесплатный билетик на онлайн, за имя для единорожки, получает @mariabalagurova
✔ Дарю еще 3 БЕСПЛАТНЫХ БИЛЕТА НА ОНЛАЙН❗🦄💕
Разыграю их среди тех, кто сделает репост этого поста к себе в историю, с активной ссылкой на мой профиль @vse_swyazano и напишет в комментариях ""Участвую"". Номерки каждому я присвою сама❗ Победителя определю 13 мая❗
.
Всем удачи🥰";1557203497;408;307141685;False;мастерклассвязание
BxJjmuxBRoS;"Фууух, первый день этой короткой недели пролетел. ☄Осталось еще немного, еще чуть-чуть. И опять и снова.  Снова отдых.😅⠀
⠀
На этот раз что придумали, дорогие наши ученицы? Куда путь дорожку держите, аль всё на печи проваляетесь?😆 ⠀
⠀
Негоже рукодельнице без дела то сидеть, да мух считать. Надо, девоньки, себя занимать занятиями разными, которые женственность то повышают. Смекаете?😏 Агась, мы про вязание толкуем. ⠀
⠀
У нас то и скидочка для вас припасена. Кодовое слово MAY, то бишь май по-нашему. Налетай, торопись, покупай живопись,  как говорится. ⠀
⠀
Интересно, вы когда читали, ваш внутренний голос говорил голосом бабки?😄🙈⠀
⠀
Все уроки после оплаты доступны в вашем личном кабинете. 🙃";1557206331;192;4243581788;False;мастерклассвязание
BxJuqzODQd9;"А вы знали, что киты 🐋 и люди - единственные млекопитающие, поющие песни. Голосовых связок у китов нет, но это не мешает им исполнять свои песни🎶 по 30-40 минут. Синие киты 🐳 - это самые большие животные, когда либо обитавшие на Земле🌏. Длина тела взрослого кита 🐳этого вида может достигать 33 метров, а масса - превышать 150 тонн. ⠀
⠀Этот кит 🐋 конечно не такой огромный , его длина измеряется в см - всего 30 см, а вес 115 грамм, но он такой же грациозный и безобидный. Связан из мягкого полухлопка, глазки вышиты.
🐳🐳🐳🐳🐳🐳🐳🐳🐳🐳
⠀
Кит 🐳 пока в наличии 1000 руб. Доставка по тарифам почты России от 250 руб⠀
⠀
⠀
📩 Direct
☎️ WA/Viber
+79065804246
____________________
⠀
#кит #киткрючком #игрушкакрючком #подарокребёнку";1557212131;69;4019171924;False;мастерклассвязание
BxKAqQdD2Jn;"💜 ВСЕМ 👋! Пока показать Вам нечего, в процессе сразу две куколки, но они пока в деталях. 😁 Поэтому буду дарить Вам СКИДКИ! 😉 И НА 🐶🐶🐶 ТОЖЕ! 🤗
По вопросам приобретения МК пишите в директ!
💚 Среди тех, кто не просто здесь смотрит картинки, но хоть иногда читает посты и как-то на них реагирует, разыграю один МК (любой) БЕСПЛАТНО! 😜
💛 Хотите получить БЕСПЛАТНО МК - ставьте ❤ и оставляйте комментарии с указанием тех друзей (НЕ МАГАЗИНОВ, НЕ ИЗВЕСТНЫХ БЛОГЕРОВ, НЕ ФЕЙКОВ ☝️), кому могла бы быть интересна моя страничка! В любой из дней с 7 по 12 мая напишу в комментариях СТОП. Чей комментарий будет стоять перед моим, тому и подарю МК! 😉
💖 P.S. Естественно, для участия в розыгрыше Вы должны быть подписаны на меня! 🤗
#мастерклассвязание#амигуруми#амигурумисхемы#amigurumipattern#amigurumilove#amigurumicrochet#описаниевязания#вязаныесобачки#вязаныемишки#вязаныезайцы##amigurumicrochetdolls#вяжутнетолькобабушки#свяжисама#вяжукрючком#вяжудлявас#рукодельница#розыгрышмк";1557221564;152;4991003071;False;мастерклассвязание
BxKEc9qnPLw;"Идеальная пряжа для летних проектов Gazzal baby cotton!

Вес мотка 50 гр.

Длина нити 165 метров.
Спицы 3-5 мм
. 
Состав: 60% хлопок, 40% акрил
Стоимость моточка 75 р
.
.
💕Для заказа пишите в комментариях + либо в директ
.
.
💥 Всё актуальное наличие пряжи в закрепленых сториз!!!
.
.
#gazzal #gazzalbabywool 
#вязаниеспицами #вяжутнетолькобабушки #вяжутнетолькобабушкиноимамочки #урокивязания #урокиспицами #урокивязанияспицами #явяжу #учусьвязать #люблювязать #мквязание #мастерклассыповязанию #мастерклассвязание #knitting #knitstagram #knittinglove #i_loveknitting";1557223552;407;1596699;False;мастерклассвязание
BxKNH0Kg9DD;"Уважаемые рукодельницы! 🌼🌼🌼
☝️ По многочисленным просьбам составила небольшой мастер-класс по самым основным и важным моментам создания люльки для новорожденных.
🍥 файл в формате PDF можно открыть в любой операционной системе
🍥 подробная таблица расчетов вязания капюшона!
🍥 поэтапное текстовое описание основных моменов
🍥 иллюстрации и фото по убавкам и расчетам
🍥 вся информация по необходимым материалам и инструментам
.
‼️ Стоимость МК:
☘️ для первых 5 человек всего  5⃣0⃣0⃣ р.,
☘️ для  следующих  5 человек - 5⃣9⃣0⃣ р.
.
Все вопросы в Директ @iva_vitrazh
.
.
.
#учусьвязать #учусьвязатькрючком #мастерклассвязание #мастеркласс #мк #мквязание #мквязаниеизтрикотажнойпряжи #трикотажнаяпряжа #люлькадляноворожденного #интерьернаякорзина #люлькааизтрикотажнойпряжи #люлька #вязанаялюлька #корзинакрючком #вязаниекрючком #вязаниеастрахань #астрахань #мквастрахани #мастерклассывастрахани #подаркивастрахани #мастеркласслюлька #мклюлька #мклюлькадляноворожденного";1557228098;114;3544840827;False;мастерклассвязание
BxKQt5kDx1N;"Вышиваем носик и ротик нашей игрушке⠀
⠀
Ну вот наша игрушка готова... Осталось оформить... 😏 ⠀
⠀
Оформление самая сложная часть в создании образа игрушки. 😏И зачастую сам не знаешь,  какая она в итоге будет. 😊⠀
⠀
А от Носика и ротика зависит выражение личика игрушки. 🙃 Носилки бывают разные - треугольный,  квадратный,  прямоугольный 😊 Так же и ротик имеет разную форму😊⠀
⠀
В карусели я сделала подборку фото вышивки Носика и ротика😊 Подбирайте подходящий именно вам😉⠀
⠀
Не забывайте делиться со мной вашими впечатлениями😉⠀
⠀
❤❤❤ Всех люблю ❤❤❤";1557229982;245;4061669889;False;мастерклассвязание
BxKUHx9jJTB;"Меринос NEW MILL Италия 🇮🇹
⠀
✅Состав: 100% меринос.
⠀
✅Метраж :1500на 100гр
⠀
✅Цвет: в ассортименте(см. на фото)
⠀
✅Цена:100гр-160рублей.
⠀
✅Наличие: уточняйте в Директ.
⠀
✅отмот от100 гр.
⠀
✳️Вопросы в Директ. Отвечу всем 💕
⠀
✳️Сайт ещё пока в разработке.
⠀
Ждём , любим и вяжем с Olinda ❤️❤️❤️
⠀
#мериносolinda
#вязатьмодно  #итальянскаяпряжа  #бобиннаяпряжа
#студияпряжи #купитьпряжумосква
#пряжасяком #кашемиршёлк #твидоваяпряжа #пряжамосква #пряжахлопок
#вяжутнетолькобабушки #пряжапайетки
#пряжаслюрексом #мохер #мохерслюрексом #BabiStore #вязаниемосква
#пряжамеринос #пряжакашемир #пряжатвид #пряжаальпака
#мастерклассвязание #ангора #мериносVictoria";1557231767;128;11544129281;False;мастерклассвязание
BxKVS49gQRv;"САРАФАН КРЮЧКОМ.

Не забудь ♥ и сохранить,чтобы связать и быть в центре внимания.

Красивая и модная модель со схемой и выкройкой.

Найдено в интернете, автор неизвестен.

___________________________
Подписывайтесь на нашу страничку @knit.blog, ставьте лайки, делитесь нашими постами с друзьями. Дальше больше и интереснее.

Для новичков - приглашаю на свою Ютуб канал ""Вяжу с Инессой"". Более 60 БЕСПЛАТНЫХ МК по вязанию крючком и спицами. Ссылка на канал в шапке профиля.

У вас есть бесплатный МК или лайфхак по вязанию?
Отмечайте нас на фото и попадёте в ленту.

Сотрудничество с магазинами пряжи, реклама в профиле и на Ютубе - пишите в директ.

Другие наши странички.

@blog.amigurumi копилка МК игрушек
@mama_u4it занимашки, игры, МК для детей
@knit4baby вязание на заказ";1557232383;2834;5641098649;False;мастерклассвязание
BxKafFVDvZr;"ОПИСАНИЕ БЕЗРУКАВКИ НА 1-2 ГОДА ОТ @nazarbaeva_knitting💕💕
📌 Материалы: Alize angora gold (100г 550 м) - 2 мотка (можно 1 кто умеет с одного мотка в две нити вязать); спицы номер 3; спицы номер 4; игла с толстым ушком; метр; маркер. вспомогательная спица для кос. ✔️Вяжем в 2 нити в круговую. Набрать на спицы номер 3  117 петель, замкнуть в круг, поставить маркер на начало и вязать 4 см резинкой 1 на 1.
✔️Переходим на спицы номер 4. Провязываем в начале ряда 4 п из, 50 лиц, 8 изн, 50 лиц и 4 изн. В следующем ряду все петли лицевые. Вязать по схеме 28 см, последний ряд обязательно должен быть изнаночным. ✔️Делим петли попалам, 58 петель на перед и 58 петель на спинку. Вяжем перед. Косы у меня из 5ти петель (4 лиц и 1 изн). Вяжем по схеме переднюю часть: 8 лиц, 1 изн; 4 лиц, 1 изн; 4 лиц 1 изн; 4 лиц 1 изн; 4 лиц ‼️2 изн ‼️; 4 лиц 1 изн; 4 лиц 1 изн; 4 лиц 1 изн; 4 лиц 1 изн; 8 лиц. По такой схеме вязать 6 рядов в 7 делаем скрещивания 2 пет снять не провязывая на вспомогательную спицу и оставить перед работой, провязать следующие 2 петли, затем 2 петли со вспомогательной спицы возвращаем на левую спицу и провязываем из. Дальше изнаночная и опять коса и так далее. Всего 10 кос. ✔️Вяжем до 3го скрещивания кос (20 рядов). Нам нужно закрыть петли для горловины. Вяжем по схеме 4 косы и последнюю перед 5 ой косой изнаночную, закрываем 9 петель.✔️Далее делаем убавки для горловины на левой полочке. В каждом лицевом ряду поочередно закрываем 3/2/1 петли. Полочку довязываем до конца узором, вырез для ручки 12 см. Аналогично убавки делаем на правой полочке, только убавки делаем в изнаночных рядах. ✔️Спинку вяжем высотой 10 см. Далее провязываем 21 пет, 16 петель закрываем, 21 пет. Сделать на каждой полочке аналогично переду 2/1 пет. ✔️Плечики сшиваем (кому как удобно). По краю проймы горловины поднимаем петли спицами номер 3 и вяжем рези 3 и вяжем резинкой 1 на 1  3 см. Закрываем петли и безрукавка готова.";1557235104;3404;4796792842;False;мастерклассвязание
BxKajv7j828;"Меринос Zegna Baruffa Италия 🇮🇹
⠀
✅Состав: 100% меринос Суперджилонг
⠀
✅Метраж :1500на 100гр
⠀
✅Цвет: в ассортименте(см. на фото)
⠀
✅Цена:100гр-160рублей.
⠀
✅Наличие: уточняйте в Директ.
⠀
✅отмот от100 гр.
⠀
✳️Вопросы в Директ. Отвечу всем 💕
⠀
✳️Сайт ещё пока в разработке.
⠀
Ждём , любим и вяжем с Olinda ❤️❤️❤️
⠀
#мериносolinda
#вязатьмодно  #итальянскаяпряжа  #бобиннаяпряжа
#студияпряжи #купитьпряжумосква
#пряжасяком #кашемиршёлк #твидоваяпряжа #пряжамосква #пряжахлопок
#вяжутнетолькобабушки #пряжапайетки
#пряжаслюрексом #мохер #мохерслюрексом #BabiStore #вязаниемосква
#пряжамеринос #пряжакашемир #пряжатвид #пряжаальпака
#мастерклассвязание #ангора #мериносVictoria";1557235142;157;11544129281;False;мастерклассвязание
BxKaxLeDRs3;"Бесплатное описание от @ozornicca

#мквязание по вязанию детского чепчика. Я вязала
✅ пряжей #drops #babymerino (50г/175м) в 2 ниточки (2 мотка)
✅ спицами 3,5, потом 4,5 (у меня круговые спицы, но это необязательно)
Также Вам может понадобиться:
✅Игла, крючок, ножницы. 
Внимание: 🖍Плотность вязания 10х10см- 13х22 петель на спицах 4,5 (лицевая гладь). Описание на малыша 9-12 месяцев. Для возраста Насти 1,5-2г я набирала на 5 петель больше и делила ровно по 25 петель. Поехали!
➿Набираем 70 петель спицами 3,5. Вяжем 9 рядов резинкой 1х1: кромочная, *лиц.,изн.* и так до конца ряда.
➰10-тый изнаночный ряд. Переходим на спицы 4,5. И вяжем платочной вязкой (все ряды лицевыми петлями) 41 ряд.
Делим петли на 3 части(25/20/25).
➰51 ряд(лицевой): первую петлю снимаем, 43 лицевых, 2 петли вместе с изнаночной стороны. Переворачиваем вязание.
➰52 ряд: снимаем петлю, 18 петель лицевыми, 2 петли связываем вместе лицевой за заднюю стенку. Переворачиваем вязание. Как связать за заднюю стенку листайте карусельку видео 1.
➰53 ряд: снимаем петлю, 18 петель лицевыми, 2 петли вместе изнаночной.
➰54 ряд как и 52 ряд.
➰55 ряд: снимаем петлю, 17 лицевых 3 петли вместе изнаночной. Переворачиваем вязание. Смотрите видео 2 в каруселе. ➰56 ряд: снимаем петлю, 16 лицевыми, 3 петли лицевой за заднюю стенку.
Повторяем 52-56 ряды 7 раз пока на спицах не останется 4 петли. На этом этапе петли можно закрыть.
Связать 2 шнурка и закрепить их.
➰➰➰
Но мне больше нравится, когда шнурок продет в полую резинку. Для этого по периметру нижней части чепчика поднимаем по 2 петли из каждой кромочной и по одной петле после каждой незакрытой (сами незакрытые 4 петли провязываются лицевыми) - всего получается 110-112 петель. Так часто нужно для полой резинки.
➰Далее 18 рядов вяжем таким образом: 1 кромочная, *лиц., следующую переносим петлю на спицу не провязывая, при этом нить находится перед работой* так продолжать до конца ряда, последнюю провязываем изнаночной. Видео 3.
➰19(лицевой ряд): *2 петли вместе* повторять до конца ряда
➰20(изнаночный ряд) закрываем петли.
(ПРОДОЛЖЕНИЕ В КАРУСЕЛИ)";1557235252;4213;4796792842;False;мастерклассвязание
BxKb5HCjhOd;"Меринос Zegna Baruffa Италия 🇮🇹
⠀
✅Состав: 100% меринос Экстрафайн.
⠀
✅Метраж :1500на 100гр
⠀
✅Цвет: в ассортименте(см. на фото)
⠀
✅Цена:100гр-240рублей.
⠀
✅Наличие: уточняйте в Директ.
⠀
✅отмот от100 гр.
⠀
✳️Вопросы в Директ. Отвечу всем 💕
⠀
✳️Сайт ещё пока в разработке.
⠀
Ждём , любим и вяжем с Olinda ❤️❤️❤️
⠀
#мериносolinda
#вязатьмодно  #итальянскаяпряжа  #бобиннаяпряжа
#студияпряжи #купитьпряжумосква
#пряжасяком #кашемиршёлк #твидоваяпряжа #пряжамосква #пряжахлопок
#вяжутнетолькобабушки #пряжапайетки
#пряжаслюрексом #мохер #мохерслюрексом #BabiStore #вязаниемосква
#пряжамеринос #пряжакашемир #пряжатвид #пряжаальпака
#мастерклассвязание #ангора #мериносVictoria";1557235841;198;11544129281;False;мастерклассвязание
BxKoMbTC0zZ;"Сегодня, говорят, какой-то отличный день для загадывания желаний! 🤗🍀🌟⠀
⠀
Что не пожелаешь, все исполнится!😍🤑🙏⠀
⠀
И мы решили немножко поиграть с вами. Вы прекрасно знаете этот способ “предсказания” -нужно просто сделать скриншот экрана. ⠀
⠀
Сегодня будут предсказания на последний месяц весны. 🌼Есть там и шуточные предсказания, не принимайте все всерьез. Но помните, что в каждой шутке, только доля шутки. 😎😅⠀
⠀
Пишите в комментариях, что у вас получилось😊Очень интересно! И будете ли вы следовать советам? ⠀
👌";1557242301;166;4243581788;True;мастерклассвязание
BxLDrrYHeDx;"Расскажу вам немножко о мастер-классе и о игрушке, которую можно по нему связать))
..
..
Можно вязать игрушку как для малыша, так и для ребёночка постарше, на ваше усмотрение👶👧
..
..
Для малыша это может быть игрушка-погремушка с ""шуршащим"" ушком. Также для крепления игрушки в кроватке или коляске можно сделать петельку и на прогулке игрушка не упадёт в грязь)🙌 В мастер-классе показано как это сделать.
..
..
Когда у малыша прорезываются зубки, вязаное полотно из пряжи, которая указана в мк, очень помогает почесать дёсенки 👅
..
..
Эта игрушка будет полезна малышам для:
🤹‍♀️ развития мелкой моторики
🤹‍♀️развития тактильных ощущений👐
🤹‍♀️слуха (погремушка, шуршалка)👂
🤹‍♀️зрения (яркие разнообразные цвета)👀
🤹‍♀️прорезывания зубок👄
..
..
Для более старших деток, подойдёт игрушка без указанных выше наполнений, но детки постарше тоже любят длинные ушки/ножки, за которые так удобно тягать игрушку)))
..
..
#вязаныеидеи #детямнравится #amigurumianimal #игрушкивязаные #vuskarydskybar";1557256703;260;2870336738;False;мастерклассвязание
BxLQ-plhmxk;"ДЛЯ САМЫХ ТЕРПЕЛИВЫХ и ТАЛАНТЛИВЫХ...
.
По многочисленным просьбам - специально для уважаемых подписчиков 🤩 и любимых вязальщиц 😘- МАСТЕР КЛАССЫ по вязанию коврика-фермы😱😱😱 в формате pdf с доступной пряжей, подробным описанием и ДАЖЕ на начальный уровень вязания❤️
.

Подробная информация как обычно в соседнем посте⬅️⬅️⬅️
.

Теперь Вы знаете, чем занять свои отпуска и каникулы?😉";1557263674;417;7597286742;False;мастерклассвязание
BxLSrHIh94x;"МАСТЕР КЛАССЫ от @ferma_knit ...
.
🌱МК коврик -ферма #5 (с речкой, размер 45*55 см) -450р. Формат pdf. Подробное описание вязания, рекомендации по выбору пряжи, схема. 🎁В подарок МК ёлочка🎁
.
🍏МК коврик-ферма #5 (45*55см) с готовой пряжей, подложкой, схемой, мастер классом в печатном виде, с мешочком для хранения готового коврика😉-1250р+доставка
.
🌱МК дерево (дуб, берёза). -250р. Формат pdf. Рекомендации по выбору пряжи, основы, подробное описание процесса. 🎁В подарок МК пенек🎁
.
🍏МК дерево (дуб, берёза) с пряжей, основой, наполнителем, мк в печатном варианте - 450р+доставка
.
🌱МК ёлочка-50р.
.
🌱МК пенек -50р.
.
🌱 МК грядочка -150р. Рекомендации по выбору пряжи, подробный процесс вязания
.

МК по коврикам-фермам #2,#6,#7-по запросу 🤗";1557264563;383;7597286742;False;мастерклассвязание
BxLT8EuB63l;"Всем привет 👋
.
Самые неоднозначные вопросы, которые иногда прилетают в директ: ""а Вы сами это придумываете?"", ""А вы коврики с Али заказываете и просто здесь их продаете?"", ""а где вы брали МК?"", ""А вы сами вяжете?"" и тп....я всегда теряюсь и не знаю как на подобные вопросы отвечать🤷
.

Коврики-фермы вяжут очень редко...не более 10 мастериц на весь Инстаграмм...и вяжут не всегда активно, потому что о таких ковриках мало кто слышал и поэтому их никто и не ищет/заказывает (в отличии, например, от плюшевых пледов или зайцев, хотя там и конкуренция ого-го!!!)... МК встречаются... 2-3 шт, но или с общим описанием или на небольшие коврики...с деревьями та же история...
.

Поэтому ещё давно запланировала сделать МК, тк ковриков авторских у меня полно и есть из чего выбрать😉да и пряжу люблю выбирать доступную, популярную типа плюшевой и тп...и основа для деревьев у меня не деревянная (иногда без основы деревья вяжут, просто плотно набивая), а пластмассовая и супер дешёвая и супер удобная 😉
.

На самом деле планировала подготовить МК только  летом, но поторопилась🙊, потому что не поделиться этой красотой невозможно 🙈

Вся информация в соседнем посте➡️➡️➡️
.
Планирую сделать МК по пальме и иве в формате видео, нужно? на пальцах там не объяснить (в смысле не описать и на фото не показать)🙊 .
#вязанаяферма #фермакрючком #fermaknit #чтоподаритьребенку #подарокнаденьрождения #развивающийковрик #развивашки #логопед #детскийсад #instagram #vsco #hobby #9мая  #монтессорисад  #монтессори #монтессоридома #вязаноедерево #деревокрючком #мастеркласс #бесплатныймастеркласс #мастерклассвязание #мастерклассковрик #мастерклассковрикферма #мачтерклассдерево #мастеркласселка";1557265226;461;7597286742;False;мастерклассвязание
BxMFvX3H5Ls;"2 часть  подробного мастеркласса по изготовлению таких босоножек. На примере зеленой пары.
Первая часть-предыдущая публикация. Вся обувь в моем магазине сделана мною вручную из эко материалов и продается, заказы в личку.
#мастеркласс  #вязаныеидеи #вязаниеукраина #вязанаямода #вязанаяобувь #вязаниеспицами #вязаниекрючком #вязание2019 #мастерклассповязанию #мастерклассвязание #авторскаяобувь #наширукинедляскуки #вяжутнетолькобабушки #босоножки #босоножкиукраина";1557291336;252;5999370124;False;мастерклассвязание
BxMHS2Xn4Ix;"Wednesday knitting 🧶Что: Клуб любителей handmade, любителей поболтать, повязать или научиться вязать и насладиться ароматным кофе)
🧶Где: в уютном кафе на Курской @la_pyazza 🧶Когда: по средам в 19-00 (встречи не каждую среду - следи за анонсами)

ПРИХОДИ, будет атмосферно, весело и интересно.

Не забудь написать мне, что ты придёшь, чтобы принести тебе материалы:) #мастеркласс #мастерклассмосква #мастерклассвязание #мк #мкмосква #мквязание #мквязаниекрючком #мквязаниеспицами #вязание #вязаниекрючком #вязаниеспицами #расписаниеМК_creative_atmosphere_mk #wednesdayknitting";1557292151;20;8969413856;False;мастерклассвязание
BxMJUwnhdG_;"С чем у Вас ассоциируется май? ⠀
Не только же с майскими жуками?😀⠀
⠀
Для кого-то май, это свобода. Со школы мы знали, что вот еще чуть- чуть и каникулы. 🏃💃Потом институт.. Конечно, там предшествовала сессия, но от этого отдых был еще долгожданее и сладостней.💫⠀ ⠀
В мае распускается природа. 🌿Все цветет, зелень сочная, не запыленная. 🌳🌷🌱Легче дышится и мечтается. Знаете, иногда выйдешь на улицу утром, вдохнешь этот воздух, посмотришь на небо, где только начинает пробиваться солнце, и так становится хорошо на душе!😇🦄 Хочется творить и появляется уверенность, что все непременно получится. Май он такой. Вдохновляющий. 🙏⠀
⠀
А у нас остается всего три дня на скидку -50% на наши уроки. ⠀
При покупке введите промокод MAY, уроки будут сразу доступны вам в личном кабинете. ⠀
⠀
Выделяете май среди других месяцев? Любите его? Почему?🌸";1557293215;250;4243581788;False;мастерклассвязание
BxMMJGqDSJQ;Скидки всегда приятны 💖 а если скидки на пряжу вдвойне ❤  Девочки кто желает получить скидку  15 % на пряжу хорошего качества, заходите в лучший магазин пряжи к @nitkinitochki 💜  Условия читайте под таким же постом 💙 Они ждут тебя 😍;1557294693;224;2954584392;False;мастерклассвязание
BxMMvWGj-iT;"Хочешь скидку на классную пряжу отличного качества???
Тебе сюда 👉👉👉 @nitkinitochki читай условия под таким же постом.
Мы тебя ждем!💐💐💐
-
-
#пряжа#пряжадлявязания#вязание#схемывязания#люблювязать#вяжутнетолькобабушки #вяжутнетолькобабушкиноимамочки #мкповязанию #мастерклассвязание #урокивязания#узорыдлявязания #узорыспицами #узорыкрючком #схемыкрючком #схемыспицами #магазинпряжи#магазинпряживмоскве #розыгрыш#скидка#распродажа#пряжаоптом #пряжаопт #турецкаяпряжа#alize#himalaya#yarnart#gazzal";1557295006;230;5421865954;False;мастерклассвязание
BxMODuJjjCl;"Хочу скидку в магазине @nitkinitochki #Repost @nitkinitochki (@get_repost)
・・・
Мы дарим приятный бонус в виде единоразовой скидки на 1 заказ размером 15% на весь ассортимент (кроме товаров по акции) в обмен на вашу помощь!
-
-
Помогите нашему магазину стать известнее💐
-
-
Что нужно сделать:
✅быть подписанным на нас @nitkinitochki ✅сделать репост этой публикации в своем профиле и написать под ним -
«хочу скидку в магазине @nitkinitochki»
-
❌репост в сторис не считается
-
⁉️⁉️⁉️(Если не умеете делать репост, достаточно сделать скрин с этой публикацией и разместить его у себя)
✅не удалять репост до оформления заказа. ✅поставить лайк на последние 5 публикаций
-
-
🔥🔥🔥ВНИМАНИЕ РОЗЫГРЫШ🔥🔥🔥
-
🎁🎁🎁Дарим 100₽ на счет 3 победителям

Что нужно сделать:
✅быть подписанным на нас
✅здесь в комментариях указать несколько друзей, кто заинтересован в нашем предложении (количество комментариев не ограничено)
✅В ответ на каждый комментарий, мы присвоим номерок и когда я скажу СТОП 🛑 ✋ генератор случайных чисел выберет 3 победителей, приз также можно использовать при заказе,либо получить на счет.

Огромное спасибо за Ваше активное участие🌹🌹🌹 -
#пряжа#пряжадлявязания#вязание#схемывязания#люблювязать#вяжутнетолькобабушки #вяжутнетолькобабушкиноимамочки #мкповязанию #мастерклассвязание #урокивязания#узорыдлявязания #узорыспицами #узорыкрючком #схемыкрючком #схемыспицами #магазинпряжи#магазинпряживмоскве #розыгрыш#скидка#распродажа#пряжаоптом #пряжаопт #турецкаяпряжа#alize#himalaya#yarnart#gazzal";1557295697;30;4323832651;False;мастерклассвязание
BxMOJtJD0Jh;"Торбы связаны на заказ по МК «Одри».
Размер в не растянутом состоянии 27х30; имеет свойства авоськи-эластичная.
⠀
Стоимость подробного видео МК 400₽/12byn.
⠀
Торба на заказ 25$. Цветовая палитра широкая. Изготовление от 5-8 дней.
⠀
Шнур и ручки в РБ можно приобрести у @fomka_knit.by";1557295746;1715;805312059;False;мастерклассвязание
BxMPlHeBdWX;"Хочешь скидку на классную пряжу отличного качества???
Тебе сюда 👉👉👉 @nitkinitochki читай условия под таким же постом.
Мы тебя ждем!💐💐💐
-
-";1557296495;259;4541549312;False;мастерклассвязание
BxMRpkDjdye;"А вы задумывались о том, что в фразе «мы же на ты» такой же набор букв и порядок, как в фразе «мы женаты», но совершенно разный смысл?? 🙈😂
.
Мастер-класс на идеальный беретик, который вы можете вязать на абсолютно любой размер (хоть на великана😂)
🔻🔻🔻🔻🔻
.........100р.........
🔺🔺🔺🔺🔺
На заказ вяжу без помпона:
До года 600₽
1-3 года 700₽
3-5 лет 800₽
С помпоном из имеющихся у меня:
До года 900₽
1-3 года 1000₽
3 и старше 1200₽
.
#вязание #вязаниекрючком #вязаниедлядетей #вязаниедлямалышей #вязаниедлявсех #вязаниедляноворожденных #вязаниедляначинающих #вязаниедлядуши #вязание_крючком #вязанаяшапка #шапка #шапкакрючком #береткрючком #мастерклассыповязанию #мастерклассповязанию #мастерклассвязание #шапкавязаная";1557297580;480;2907683682;False;мастерклассвязание
BxM_UgyjrNx;"Девочки, мы приготовили для вас новый видео мастер-класс ""СВИТЕР-ОВЕРСАЙЗ""🌷
.
Из нежнейшего мохера, очень легкий, свободный, стильный свитер как раз подойдет для прохладных летних вечеров🌒
.
Будем использовать:
.
💛круговые спицы №6
💛вязание по кругу
💛закрытие и соединение плечевого шва третьей спицей
💛набор петель рукава от проймы
💛закрытие и сборка петель рукава шнуром I-cord.
.
Вы сможете связать свитер-оверсайз на необходимый вам размер!
Дополнительно к подробному видео МК есть описание работы.
.
💳Стоимость - 400 руб.
.
💌По всем вопросам пишите в Директ.
.
#школавяжидлядуши #knitforsoul #knitforsoulru #вяжидлядуши_мк #вязание #вязаниеспицами #стильноевязание #модноевязание #вязатьмодно #школавязания #обучениевязанию #вязаниеонлайн #онлайнкурсы #идеидлявязания #вязанаямода #курсывязания #вязаныеидеи #хоббидлядуши #вязаниемоехобби #мастеркласс #мастерклассвязание #мастерклассповязанию #мквязание #оверсайз #оверсайзсвитер #свитероверсайз #мковерсайз";1557321525;253;8758368457;False;мастерклассвязание
BxMeEoGB-vk;"Друзья, поддержите лайками, вам не сложно, а мне приятно)))
.
.

Для тех, кто хочет создавать красоту своими руками)
.
.
.#мастерклассвязание #абаканвязание #игрушкисвоимируками #вяжутнетолькобабушки #вязаниедетям #абакан2019 #вязаниехобби";1557304093;64;12008162708;False;мастерклассвязание
BxMp4G0ASvZ;"Мои дорогие девочки, приглашаю всех желающих на живой мастер-класс по вязанию корзинки ☺️
.
Для кого мастер-класс?
Мк идеально подходит для новичков 🌷
Кто никогда не держал в руках крючок и для тех кто только только делает свои первые петельки и нужна поддержка 😉
.
Когда?
Мастер-класс состоится 1 июня (суббота) с 10:00 до 14:00.
.
Где?
Уютная светлая студия на станции метро Электрозаводская.
.
Оплата:
Стоимость мастер-класса составляет 900₽
.
Мк включает в себя:
- пряжу
- крючки
- чай
- связанную вами эксклюзивную корзинку (а может и не одну)
- моё внимание и помощь, после которых вы сможете связать корзинку дома самостоятельно 🌷
- на нашем мастер-классе будет профессиональный фотограф 🤩
- ну и конечно позитивные эмоции, новый бесценный опыт и приятное общение ☺️
.
Буду рада видеть Вас на моём мастер-классе 🌷

#корзинкиизтрикотажнойпряжи #крючкивналичии #крючкидлявязания #трикотажнаяпряжамосква #вяжуизbiskvit #трикотажнаяпряжавналичии #мастерклассвязание";1557310312;60;7310523547;True;мастерклассвязание
BxMpoTCFGnk;"Мои дорогие девочки, приглашаю всех желающих на живой мастер-класс по вязанию корзинки ☺️
.
Для кого мастер-класс?
Мк идеально подходит для новичков 🌷
Кто никогда не держал в руках крючок и для тех кто только только делает свои первые петельки и нужна поддержка 😉
.
Когда?
Мастер-класс состоится 1 июня (суббота) с 10:00 до 14:00.
.
Где?
Уютная светлая студия на станции метро Электрозаводская.
.
Оплата:
Стоимость мастер-класса составляет 900₽
.
Мк включает в себя:
- пряжу
- крючки
- чай
- связанную вами эксклюзивную корзинку (а может и не одну)
- моё внимание и помощь, после которых вы сможете связать корзинку дома самостоятельно 🌷
- на нашем мастер-классе будет профессиональный фотограф 🤩
- ну и конечно позитивные эмоции, новый бесценный опыт и приятное общение ☺️
.
Буду рада видеть Вас на моём мастер-классе 🌷

#корзинкиизтрикотажнойпряжи #крючкивналичии #крючкидлявязания #трикотажнаяпряжамосква #вяжуизbiskvit #трикотажнаяпряжавналичии #мастерклассвязание #worldhm";1557310190;107;389818794;True;мастерклассвязание
BxMqcbmiENg;"Та-да-да-дам!!🥁
Объявляю трех победителей розыгрыша, которых я определила только что путем перемешивания колоды карт с номерами и вытягивания трех из них!😄👍
Подробности смотрите в сториз (продублировано в актуальном)☝️
Номера и имена счастливчиков:
❣номер 8 @pani_ kovalsky
❣номер 12 @yarn_uralsk.yelena
❣номер 13 @almakuyan
Поздравляю!!!😁⚘👏👏👏
Жду в директ адрес вашей электронной почты, куда с удовольствием отправлю вам МК☺👌
Всем остальным участникам огромное спасибо и, конечно, скидка на мастер-класс авоськи (либо любой другой МК, на выбор) 20%.
400р вместо 500р, и супер подробный, понятный и полезный мастер класс красивой и стильной сумки отправится к вам на почту!!🔥🔥🔥 ❣ВСЕ МК ЗДЕСЬ➡️ #мк_vz_fashion_knit";1557310604;164;5735502108;True;мастерклассвязание
BxNLUhJjik8;"Все лесные друзья в сборе 😀😀😀
.
#momigurum_i #вязание #амигуруми";1557327816;27;10492466651;False;мастерклассвязание
BxNOTFHnnz5;"Мой новый МК , прошу на мой канал, ссылочка в ""шапке""👆👆👆
#мквязание #мк #бесплатноеописаниеповязанию #бесплатноеописание #бесплатныймк #бесплатныймастеркласс #каксвязать #каксвязатьшапку #каксвязатьсвитер #вязание #хочунаучитьсявязать #мамавдекрете #вязанаяаппликация #обучениевязанию #научитевязать #свяжименя #свяжу #мастерклассвязания #мастерклассвязаниекрючком #мастерклассвязание #мквязания #мквязаниекрючком #мкарбуз #схемывязания";1557329377;38;8021680544;False;мастерклассвязание
BxNQKOTDJID;"РЕГЛАН
Дата: 12.05
Время: 12:00
Продолжительность: от 4 часов
Преподаватель: @yulia.bray 
Необходимые навыки: Базовые знания
Стоимость: 3 000 ₽

Курс разработан для тех, кто умеет  вязать по кругу и имеет понимание как меняют полотно прибавки, убавки и укороченные ряды. 
После МК у вас на руках останется алгоритм расчёта, перекликающийся со схемами и таблицами. Опираясь на который Вы сможете рассчитать изделие по своим данным.";1557330353;40;9860940002;False;мастерклассвязание
BxNSVBzBR9c;"Мои рукодельницы 💋 кто уже записался на мастер класс, начинайте выбирать пряжу заранее 🌷
.
Где посмотреть палитру?
Из наличия можно посмотреть цвета в сохранённых сторис «палитра»
В наличии нет нужного вам цвета?
Не беда! В шапке профиля ссылка на сайт производителя Пряжа-центр.рф, проходим по ссылке, заходим в раздел пряжа бисквит и выбираем цвет (выбор палитры цветов у бисквит огромен))) после того как выбрали, напишите мне пожалуйста в Директ, чтобы я успела заказать Вам пряжу 🌷
#тпряжажелезнодорожный #крючокдляначинающих #тпряжавжелезнодорожном #корзинкиизтрикотажнойпряжи #мастерклассвязание #трикотажнаяпряжа #вяжуизbiskvit #трикотажнаяпряжаbiskvit #мастеркласскрючком";1557331511;54;11393982249;True;мастерклассвязание
BxNTkMLDMXS;"Еще фото зайчиков, так сказать, в домашней обстановке
⠀ ⠀
А мебель вся еще из моего детства, мы с папой делали. Еще есть шкаф, диван и кровать. И у меня двое пацанов, неинтересно с таким играть. Буду для фото иногда использовать ⠀
⠀

Переезжала эта мебель несколько раз (даже из России на Украину 😮). Стоит вся в закромах. Кое-что уже начало разваливаться. Но никогда не подымится рука выкинуть её. Такое оно родное и дорогое
⠀
⠀

И сколько воспоминаний в этих кусочках дерева и обивки от старого бабушкиного дивана… Иногда улыбнешься, а иногда и загрустишь
⠀
⠀
⠀ ⠀
Мастер-класс по зайчатам: 120 грн/290 рублей

Рост игрушки - 28 см
Стоимость игрушки - 315 грн. Двух - 600 грн
⠀ ⠀ ⠀
⠀
⠀ ⠀
⠀
⠀
⠀
⠀ ⠀ ⠀
⠀
⠀
⠀
⠀
⠀

#игрушкикрючком #амигурумизайка #амигурумизайчик #мастеркласс #вязаныйзайка #вязаныеигрушки #amigurumilovers #рукоделки #amigurumitoys #crochetbunny
 #lavkacraft #мастерклассповязанию #описаниевязания #амигурумисвоимируками #в_наличии_nz #crochetdesing #crochetpattern #handmade217 #мастерклассвязание #weamiguru #проект_ilovehandmade #handmade_oops #space_hm #ht_handmade #handmadeworld1 #superhm #instagurumi #мквязание #pattern #амигуруми";1557332139;387;7291472778;False;мастерклассвязание
BxNXiAnjACG;"Счастье – это путь, а не судьба
⠀ ⠀
Работайте, как будто вы не нуждаетесь в деньгах, любите так, как будто вас никогда не ранили, танцуйте так, как будто вас никто не видит.
⠀ ⠀
➰➰➰➰➰➰
Мастер класс 🙌 #свитер_Пробуждение 🌿 доступен к заказу❤️, 💌 в Директ @tanya_kilat ⠀
⠀
⠀
#танцуйбезумец #здесьисейчас #бытьсобой #быть #свобода #делайточтонравится #likebz #likefamily #модныедетки #вязание #небабушка #вяжу #вяжудетям #вяжуназаказ #знг72 #мкспицы #мкспицами #мастерклассвязание #ализеланаголд #описаниевязания #свитерлистья #мксвитер #пишумк #уразавтра9мая #саморазвитие #knitting #мквязаниеспицами #мквязание";1557334218;221;1460916659;False;мастерклассвязание
BxNhRDmD7Wx;"🌼Новый узор Вам в копилочку🌼
. 👝
. ❤️❤️❤️";1557339322;446;6164542339;False;мастерклассвязание
BxO8G10Dj1E;"Пока я вся в работе, вот вам схемка к узору N°2 из Большой книги японских узоров.

Нужна? 😉 Хотите разбор узора?

Сохраняйте, пользуйтесь и про благодарность не забывайте 😊";1557386949;123;2251856427;False;мастерклассвязание
BxOpsvpjW_5;"Солнечного неба вам над головой! ☀️ Доброе утро, дорогие!
⠀
Я к вам сегодня с чудесным #вязалочкин_свитермалинки, работа @vi_kots ❤️
⠀
📌МК в формате PDF включает в себя схемы, таблицы, пошаговые фотографии. Даны готовые расчёты. Подробно описано как рассчитать количество петель для вашей плотности.
⠀
📌 Размерный ряд от 0-5 лет (но можно связать и на взрослого).
⠀
📌 Используемая пряжа Vita Lira (60% хлопок, 40% акрил), метраж 50г/ 150 м.
Либо любая другая пряжа.
⠀
Крючок номер 3 и 3,5 мм
⠀
📌Мое сопровождение при необходимости.
⠀
📌Стоимость МК - 400 рублей.
⠀
📌Оплата на карту Сбербанка, Яндекс.Деньги, Золотая корона или PayPal.
Для покупки пишите в Директ, WhatsApp, Viber, (прямая ссылка на мессенджеры в шапке профиля).
⠀
Недавно проходила неделя скидок на МК. Девочки, дорогие, кто не успел, не расстраивайтесь. Мы обязательно повторим🤗";1557377298;319;3867134728;False;мастерклассвязание
BxP4kyMgNlJ;"Все еще ищите что подарить дочке/внучке/сестре/крестнице/племяшке? .
Студия #KnittAngel облегчит Ваш поиск и направит Вас в нужное русло!)
Подарите Куклу!
Кукла - это всегда актуально!
Вязаная кукла - это игрушка из натуральных материалов!
Кукла по индивидуальному заказу - этот тот самый эксклюзив, которого больше ни у кого нет и не будет! 
Надеюсь, мы Вам смогли помочь определиться😁)
А заодно мы познакомим Вас с нашей  красоткой, куклой Соней из коллекции ""Девичьи грезы"".
Эта интерьерная куколка внесет яркие краски в детскую комнату и будет умилять своим видом всех домочадцев и гостей!
.
Вы можете приобрести Соню в любом цвете всего за 550 грн или связать самостоятельно по нашему МК. 
Срок изготовления 5 дней.
Соберите свою коллекцию Принцесс!
.
#мастеркласскрючком #мастеркласповязанию #мастерклассвязание #мастер_класс #мастер_классы #мккрючком #мк_крючком #игрушкикрючком #игрушкикрючкомназаказ #игрушкикрючкомднепр #игрушкикрючкомукраина #игрушки_крючком #мккукла #мккукласвоимируками #мкигрушки #мкигрушкикрючком #crochet #crochets #crochet_pattern #crocheting #crochetinspiration #crochetofinstagram #crochetbag #crochettoys #crochetpattern #crochetpatterns #crochetpatternfree #chudolavka_toys #амигуруми";1557418651;33;4007403439;False;мастерклассвязание
BxPAmBajAxR;"С праздником, друзья! С Днём Победы 🎇

Предлагаю вам, победную цену на МК по Ленивцу, 100₽ вместо 250₽ 😊 Да, сегодня я невероятно щедра 😃 
Акция будет действовать до 12.05.19 
Для приобретения, пишите в Директ или в другой удобный вам мессенджер по ссылке в шапке профиля 📩";1557389301;103;5841428599;False;мастерклассвязание
BxPZE3FDUR7;"🌷Авторский кардиган (пальто) 🌷""ЛЕДИ""🌷.
.
🌷 Кардиган связан спицами, отделка - крючком
.
🌷Кардиган прямого свободного силуэта
🌷Рукав - реглан, ворот - стойка
🌷Декоративная отделка по вороту, рукавам и подолу .
🌷Размер 48-52 (разная степень облегания) .
.
МК кардиган (пальто) ""ЛЕДИ"" включает в себя: .
.
✴️Подробное описание вязания, сборки и декорирования кардигана
✴️Пошаговые фото
✴️Стоимость МК - 950р.
✴️МК отправляется на указанную Вами эл.почту в pdf формате после оплаты на банковскую карту (реквизиты в Директ)
_______________________________

#gala_gvg #galaвязание #вязаниекрючком #вязаниеиркутск #курсывязанияиркутск #мквязание #курсыиркутск #хендмейд #ручнаяработа #рукоделие #мастеркласс #рукодельница #мастерица #вяжем #иркутск #мастерклассвязание #handmade #хобби #хоббивязание #вязаниемоехобби #моехобби #кардиган #кардиганспицами #вязаныйкардиган #пальто #вязаноепальто #пальтоспицами #авторскийкардиган #мккардиган #вязаниевиркутске";1557402137;206;7981627210;False;мастерклассвязание
BxPZU3Kjjxe;"Сегодня у меня родился мастер класс по созданию ""Мышонка""🐭.
Свяжи скорее, для своего маленького счастья👶🏼 такую красотку.
МК по созданию 🐭""Мышонка""🐭 содержит файл в формате PDF

Стоимость МК 150 руб.";1557402268;148;4493449062;False;мастерклассвязание
BxQCsQ4DPFy;"🧶Способы закрытия петель 🧶
. 👝
. ❤️❤️❤️";1557423956;969;6164542339;False;мастерклассвязание
BxR2dI2jUdg;"Девочки мои, привет!😉
Победу отпраздновали? на парад сходили? 🎈 
У нас было солнечно и прохладный ветерок! Но по семейной традиции мы почтили память героев, спасших нас от фашизма, возложили цветочки у могилы неизвестного солдата, послушали фронтовые песни, военные марши, пропитались праздничным настроением горожан и отправились домой, так как были с малышом. 👶🏻 Дома успели посмотреть парад Победы в Москве❤️
Я не знаю, я всегда со слезами на глазах🥺в этот радостный и в то же время печальный день. Как представлю, что нашему народу пришлось пережить... не приведи Господь🙏
А вы были на празднике? Что интересного видели? Участвовали ли в шествии Бессмертного полка? **************************************
Ну, а я между делом, подпевая  военные песенки, закончила вязать летнюю кофточку🤗. Завтра покажу😉
А сегодня хочу поделиться с вами красивым ажурным узором для низа изделия😍
В ленте и фото узора, и схема с обозначениями есть, посмотрите😉
узор не сложный, но если будут вопросы, не стесняйтесь, спрашивайте 👌
******************************************
Все мои другие мк тут▶️ #rovnaja_petelka_mk";1557484649;1721;5829277603;False;мастерклассвязание
BxR4tHAjWb5;"Пришла шикарная и всеми любимая брашд альпака. Эти гольфы связаны с ней))) постараюсь выложить к концу недели цвета. И вы еще успеете связать офигенные легкие свитерки из нее. Я и сама хочу, но пока времени не хватает.
А пока напишу, что в наличии цвета: - розовый
- джинс
- светло-серый
- молочный - фиолетовый
- голубой.
Всего по-немногу.
Цена как и прежде 215 р. За моток.
Так что кому не терпится, пишите. Скину фотки в личку)";1557485828;26;10333716142;False;мастерклассвязание
BxRNcrQDvli;"ПЯТНИЦА-13ТОЕ👹

Кто из вас верит в этот день? Что в этот день все обязательно будет плохо?

Я вот верила. Потому, что хотябы 1 неприятность в день, но обязательно со мной случалась. Самая запоминающаяся-я порвала капроновые колготы в школе😱 и порвала не зацепившить за стул, а пальцем🤦‍♀️ На улице было очень холодно и мне пришлось ехать домой со школы с голыми ногами🥶 А жида я практически на другом конце города (20мин на автобусе)

Так вот, почему я говорю: ВЕРИЛА?🤔 Да потому, что после нашего с мужем знакомства, этот день нам приносит удачу😁

У нас была свадьба в пятницу-13тое🤪 Все родственники отговаривали нас, убеждали, что все будет плохо... А мы не согласились... Нет, конечно, трудности мы встретили. Но не такие, которые бы мы не смогли преодолеть))) С фотографом нам дико повезло-моя однокурсница занималась фотографиями и согласилась нас поснимать за символическую плату.

Тамада нам досталась, которая вела корпоративы у губернатора🤩

Свадебный кортеж муж нашел буквально за 6 дней до свадьбы (в разгар свадебного сезона😎️) Я даже умудрилась перепутать дату моей записи на маникюр и тут мне повезло-у мастера было окошко и она меня приняла.

А самое главное😎 украшения на машину, мы взяли за сутки перед свадьбой!🤗 Вот кто бы мог поверить, что все будет так складываться🙃

Даже в сам день свадьбы погода была великолепная. Когда надо, набегали тучки. А когда надо было солнышко, оно тут же появлялось.🌤 Тамада отвела программу великолепно, фотографии были сделаны прекрасные. Да что там говорить-отметили так, что даже про фейерверк забыли🤣

А на следующий день шел проливной дождь и было холодно⛈

Вот так-то верить в пятницу-13тое😎

А у вас как проходит этот день? Ждете чего-то плохого или как мы-веселитесь?🤪 А хотите расскажу как мы с мужем познакомились?🤭 Мне кажется, именно с момента нашего знакомства все и пошло "" не так"" как раньше👌
-------------------------------
Кот Рыболов в наличии, доступен к покупке😉
Цена 1200р+доставка";1557463149;108;7389946056;False;мастерклассвязание
BxRYR8ECbqI;"🌷Авторский кардиган (пальто) 🌷""ЛЕДИ""🌷.
.
🌷 Кардиган связан спицами, отделка - крючком
.
🌷Кардиган прямого свободного силуэта
🌷Рукав - реглан, ворот - стойка
🌷Декоративная отделка по вороту, рукавам и подолу .
🌷Размер 48-52 (разная степень облегания) .
.
МК кардиган (пальто) ""ЛЕДИ"" включает в себя: .
.
✴️Подробное описание вязания, сборки и декорирования кардигана
✴️Пошаговые фото
✴️Стоимость МК - 950р.
✴️МК отправляется на указанную Вами эл.почту в pdf формате после оплаты на банковскую карту (реквизиты в Директ)
_______________________________

#gala_gvg #galaвязание #вязаниекрючком #вязаниеиркутск #курсывязанияиркутск #мквязание #курсыиркутск #хендмейд #ручнаяработа #рукоделие #мастеркласс #рукодельница #мастерица #вяжем #иркутск #мастерклассвязание #handmade #хобби #хоббивязание #вязаниемоехобби #моехобби #кардиган #кардиганспицами #вязаныйкардиган #пальто #вязаноепальто #пальтоспицами #авторскийкардиган #мккардиган #вязаниевиркутске";1557468843;56;7981627210;True;мастерклассвязание
BxRbid3jG9C;"Ну и пусть в Казани сегодня +27! ⛱️А у меня готов мастер-класс по вязанию #бактус_калейдоскоп 😁 Мода вне сезонов, правда же?)) 😂 ⠀Кстати, этот аксессуар может быть очень даже летним, если связать его из тонкого хлопка или вискозы 🤗⠀
⠀
⠀Уровень сложности:  новичок. Требования – лицевые и изнаночные петли, умение читать схемы.⠀
⠀
⠀Формат:  файл .pdf, содержит текст, фото и ссылки на видео со сложными моментами, удобно просматривать прямо с телефона.⠀
⠀
⠀В файле содержится:⠀
⠀
⠀✔️подробнейшая теоретическая часть (фото и ссылки на видео);⠀
⠀
⠀✔️ порядное описание с цветными схемами для пряжи Yarn Art Flowers;⠀
⠀
⠀✔️порядное описание с цветными схемами для пряжи Laines Du Nord Poema;⠀
⠀
⠀Вы сможете связать любой из них, а еще:⠀
⠀
⠀""… можете пофантазировать - в приложении к этому файлу Вы найдете  и другие узоры, которые можно использовать, чтобы создать Ваш особенный, не похожий ни на один, бактус.  Там же написана краткая инструкция, как адаптировать ту или иную схему для вязания, если раппорт узора целиком не умещается в текущий ряд…»⠀
⠀
⠀""…Отличительная особенность бактуса «Калейдоскоп» – его оригинальность. Узоры, которые я предлагаю в данном мастер-классе, можно использовать в разных комбинациях, создавая неповторимые сочетания для Ваших будущих шедевров. Совсем как в калейдоскопе, где цветные стеклышки складываются в красивые картинки…»⠀
⠀
Ну вы уже поняли, да? 🤤Это не один мастер-класс на один бактус. Это целая методичка по вязанию треугольных платков такого типа. Десятки и сотни вариантов бактусов можно связать по одному мастер-классу! 😮В общем, я довольна собой – работа проделана грандиозная!😎⠀
⠀
⠀
⠀А теперь бегите листать карусель и вдохновляться! Все авторы отмечены на фото. Огромное спасибо моей тестовой группе, феям-помощницам, без вас бы я не справилась!!!💓💓💓⠀
⠀
⠀Девочки навязали столько красоты, что фото-контента мне хватит теперь не на один день!)😍⠀
⠀
⠀
⠀Ах, да, чуть не забыла!😃⠀
⠀
⠀Стоимость МК – 250 рублей. ⠀
⠀
⠀Первые три дня продаж действует скидка!🔥🔥🔥⠀
⠀
⠀Все выходные (10-12 мая)  цена – 190 рублей.😮👍⠀
⠀
⠀Для покупки – напишите мне в Директ.💌";1557470537;426;1643041454;False;мастерклассвязание
BxRi_8wjXTr;"Мериносы в ассортименте Италия 🇮🇹
⠀
✅Состав: 100% меринос
⠀
🇮🇹 lanerossi
Цвет-красный 1500м на 100 гр
Цена:160руб-100гр.
⠀
🇮🇹Filatura papi Fabio
Цвет-лосось 1500м на 100гр
Цена :150руб-100гр.
⠀
🇮🇹NEW MILL
Цвет-оранжевый 1500м на 100гр
Цена:160руб-100 гр.
⠀
🇮🇹Botto Poala
Цвет-хаки 1500м на 100гр
Цена:160руб-100гр.
⠀
🇮🇹Botto Poala
Цвет-хаки суперджилонг 500м на 100гр
Цена:160руб -100гр.
⠀
✅Наличие: уточняйте в Директ.
⠀
✅отмот от100 гр.
⠀
✳️Вопросы в Директ. Отвечу всем 💕
⠀
✳️Сайт ещё пока в разработке.
⠀
Ждём , любим и вяжем с Olinda ❤️❤️❤️
⠀
#мериносolinda
#вязатьмодно  #итальянскаяпряжа  #бобиннаяпряжа
#студияпряжи #купитьпряжумосква
#пряжасяком #кашемиршёлк #твидоваяпряжа #пряжамосква #пряжахлопок
#вяжутнетолькобабушки #пряжапайетки
#пряжаслюрексом #мохер #мохерслюрексом #BabiStore #вязаниемосква
#пряжамеринос #пряжакашемир #пряжатвид #пряжаальпака
#мастерклассвязание #ангора #мериносVictoria";1557474448;149;11544129281;False;мастерклассвязание
BxRkXSBD28N;"Мериносы в ассортименте Италия 🇮🇹
⠀
✅Состав: 100% меринос
⠀
🇮🇹Cofil
Цвет-горчица 1500м на 100гр
Цена:135руб -100гр.
⠀
🇮🇹IGEA
Цвет-бирюза 1500м на 100гр
Цена :135руб -100гр.
⠀
🇮🇹Cariaggi
Цвет-фуксия 1500м на 100гр.
Цена:135руб -100гр.
⠀
✅Наличие: уточняйте в Директ.
⠀
✅отмот от100 гр.
⠀
✳️Вопросы в Директ. Отвечу всем 💕
⠀
✳️Сайт ещё пока в разработке.
⠀
Ждём , любим и вяжем с Olinda ❤️❤️❤️
⠀
#мериносolinda
#вязатьмодно  #итальянскаяпряжа  #бобиннаяпряжа
#студияпряжи #купитьпряжумосква
#пряжасяком #кашемиршёлк #твидоваяпряжа #пряжамосква #пряжахлопок
#вяжутнетолькобабушки #пряжапайетки
#пряжаслюрексом #мохер #мохерслюрексом #BabiStore #вязаниемосква
#пряжамеринос #пряжакашемир #пряжатвид #пряжаальпака
#мастерклассвязание #ангора #мериносVictoria";1557475164;139;11544129281;False;мастерклассвязание
BxRkmfPDg6L;"Шикарный свитер от мастера @kristina_panfilova ♥️⠀
___________________________________________⠀
 #свитер #мастеркласс #вязаныйсвитер #вязаныйпуловер #оверсайз #look #этолюбовь❤️ #свитерспицами #вяжунемогуостановиться #свитероверсайз #вырез #looks #теплоеплатье #тепло #весна2019 #8марта #oversize #fashionlook #всевжизнисвязано #вяжуспицами #мк #мккардиган #мастерклассвязание";1557475288;419;5883141518;False;мастерклассвязание
BxRkrFhjnIL;"Мышка-малышка 🐭

Как вам? Сделать описание? Хотите связать? 😊";1557475326;369;5841428599;False;мастерклассвязание
BxRo4stjp69;"В рамках тестирования моего левушки родился такой тигра 🐯
Схема одна и та же,  отличается только хвост.
⠀
Тигру вязала из Alize cotton baby soft, игрушка получилась на 3-4 см меньше,  но при этом сам эффект пряжи мне понравился больше.
⠀
✅Она немного блестит в отличии от пряжи джинс.
⠀
✅ Она прочнее, разорвать рукой не получится.
⠀
✅ Полотно, столбики выглядят ровнее.
⠀
⛔️ Найти ее намного сложнее и продается она в моточках по 100 г.
⠀
А вы пробовали эту пряжу?  Как Вам? ⠀
⠀
⠀";1557477535;163;2257498325;False;мастерклассвязание
BxRoeRrDb92;"Меринос Lane Rossi Albany  Италия 🇮🇹
⠀
✅Состав: 100% меринос
⠀
✅Метраж :750на 100гр
⠀
✅Цвет: бежевый.
⠀
✅Цена:100гр-240рублей.
⠀
✅Наличие: уточняйте в Директ.
⠀
✅отмот от100 гр.
⠀
✳️Вопросы в Директ. Отвечу всем 💕
⠀
✳️Сайт ещё пока в разработке.
⠀
Ждём , любим и вяжем с Olinda ❤️❤️❤️
⠀
#мериносolinda
⠀
#меринос
#вязатьмодно  #итальянскаяпряжа  #бобиннаяпряжа
#студияпряжи #купитьпряжумосква
#пряжасяком #кашемиршёлк #твидоваяпряжа #пряжамосква #пряжахлопок
#вяжутнетолькобабушки #пряжапайетки
#пряжаслюрексом #мохер #мохерслюрексом #BabiStore #вязаниемосква
#пряжамеринос #пряжакашемир #пряжатвид #пряжаальпака
#мастерклассвязание #ангора #мериносVictoria";1557477318;156;11544129281;False;мастерклассвязание
BxRpp_nDbHW;"МАСТЕР-КЛАСС трусики с завышенной талией 👙
⠀ 
Листаем 👉 и смотрим фото, все трусики связаны на основе данного МК, разница лишь в наличии завязок, узоре сверху и высоте плавок! 😉
.
🌟Стоимоcть 450₽
_____________________________________
✔️Вы научитесь сами рассчитывать прибавки и убавки в любом вязаном изделии 💪👍
✔️После, вы сможете самостоятельно связать трусики любой формы!
✔️По данному Мк вы можете связать не только трусики с завышенной талией, но и с низкой посадкой!
_____________________________________
МК содержит подробные фото с описанием и 9 видео 🎥 процесса 😉
⠀
МК рассчитан на объем бедер от 80см до 110см.
⠀
Для заказа напишите мне в Директ 📝 и я напишу вам, как произвести оплату!)))
#mkkatusha";1557477939;2008;5601735658;False;мастерклассвязание
BxRr_bVjE_Z;"Описание джемпера с укороченными рукавами.
Модель вяжется по кругу от воротника с прибавлениями по линиям реглана. Рукава украшены ажурным узором, для которого в описании даны схемы, основная деталь полностью связана чулочной вязкой. Джемпер из коллекции Drops весна/лето 2019.

Размеры: S - M - L - XL - XXL - XXXL

Материалы: пряжа DROPS SKY (74% альпака, 18% полиамид, 8% шерсть, 50 г/190 м) 5-5-6-6- 7-8 мотков цвета 13, спицы чулочные и круговые 3.5 мм и 4 мм

Плотность вязания: 21 петля и 28 рядов = 10х10 см чулочной вязкой на спицах 4 мм.

Описание вязания

Убавления (основная деталь и рукава): 2 п. вместе лиц., 1 лиц.п., маркер, 1 лиц.п., протяжка (снять 1 п. как лиц., 1 лиц.п., протянуть снятую петлю поверх провязанной петли). Прибавления (основная деталь): накид, 2 лиц.п., маркер, 2 лиц.п., накид. В след. кругу накиды вязать лиц. скрещ. петлями и далее - чулочной вязкой.

Кокетка

На спицы 3.5 мм набрать 100-106-110-116- 120-126 п. и провязать 4 круга платочным узором, в след. кругу вязать лиц.п., равномерно прибавив 10-8-8-10-10-8 п. = 110- 114-118-126-130-134 п.

Перейти на спицы 4 мм, и провязать еще 1 круг лиц.п.

В след. кругу: 15-16-17-19-20-21 п. чулочной вязкой половины спинки, накид, 2 п. чулочной вязкой, 21 п. по схеме А.1 рукава, 2 п. чулочной вязкой, накид, 30-32-34-38-40-42 п. чулочной вязкой переда, накид, 2 п. чулочной вязкой, 21 п. по схеме А.1 рукава, 2 п. чулочной вязкой, накид, 15-16-17-19-20-21 п. чулочной вязкой половины спинки = 118- 122-126-134-138-142 п. на спицах сейчас.

Продолжить вязание по рисунку, т.е. выполнять прибавления в рукавах с каждой стороны так, как показано на схеме А.1.

В след. кругу накиды вязать лиц.п. и далее - узором по схеме.
Продолжение в карусели⚠️";1557479163;1611;4796792842;False;мастерклассвязание
BxRs7ppj2N7;"Меринос Filatura papi Fabio  Италия 🇮🇹
⠀
✅Состав: 90%меринос+10%кашемир
⠀
✅Метраж :2000на 100гр
⠀
✅Цвет: в ассортименте(см. на фото)
⠀
✅Цена:100гр-220рублей.
⠀
✅Наличие: уточняйте в Директ.
⠀
✅отмот от100 гр.
⠀
✳️Вопросы в Директ. Отвечу всем 💕
⠀
✳️Сайт ещё пока в разработке.
⠀
Ждём , любим и вяжем с Olinda ❤️❤️❤️
⠀
#мериносOlinda
⠀
#меринос
#вязатьмодно  #итальянскаяпряжа  #бобиннаяпряжа
#студияпряжи #купитьпряжумосква
#пряжасяком #кашемиршёлк #твидоваяпряжа #пряжамосква #пряжахлопок
#вяжутнетолькобабушки #пряжапайетки
#пряжаслюрексом #мохер #мохерслюрексом #BabiStore #вязаниемосква
#пряжамеринос #пряжакашемир #пряжатвид #пряжаальпака
#мастерклассвязание #ангора #мериносVictoria";1557479656;138;11544129281;False;мастерклассвязание
BxRsIirjoOn;"Платье спицами на девочку😍
⠀
⠀

#описаниеLHK 
#вяжутнетолькобабушки #вяжутнетолькобабушкиноимамочки  #вязаниеспицами  #вязанаяшапканазаказ #вязаныйснудназаказ  #снудспицами #шапкаспицами  #шапкатыковка #шапкарезинкой #простаяшапка #вязаниедетям #вязаниедлядетей #бесплатныймк #мастерклассвязание #обучениевязанию #школавязания #шапкабини #бесплатноеописание #описаниевязания #мкспицы #мастеркласс";1557479237;3088;4796792842;False;мастерклассвязание
BxRsjWuj6c_;Бесплатное описание пуловера регланом💕👌🏼;1557479457;2295;4796792842;False;мастерклассвязание
BxRtBiRD-yV;"Ура, навигация!!! 😁
⠀
Навожу, потихоньку порядок на свой странице.
Чтобы систематизировать информацию, которую выкладывала ранее, ввела новый хештег #tbi_советы 😊
⠀
Теперь, всю полезную информацию будет найти гораздо проще, классно? 🙃
⠀
А вообще, хотела немного рассказать про фото.
Конечно, фото игрушек в студии жил всегда очень красиво 😍
А если, как у меня нет ни времени, ни возможности?! Что делать?!
⠀
Эксплуатировать окно 😁
Даже зимой, когда световой день короткий - есть небольшой интервал, когда максимально освящается подоконник.
Вот, именно в это время, вооружившись телефон - и делаем фото.
Есть только одна беда - фон, все-равно остаётся темным, нет контраста с белым 😬
Что делать?!?!
⠀
Говорить спасибо - технологиям 😉
Все, что нужно - программа Snapseed 👍🏻
Смотрите, в карусели видео, как можно спасти хорошие кадры.
⠀
Делитесь, было интересно и полезно?
Сохраняйте этот пост себе и делитесь с тем, кому эта информация тоже может быть полезной ❤️
⠀
P.S. А в Taplink (ссылка под шапкой профиля), всегда найдёте мой канал на YouTube с подробными уроками для начинающих 😉";1557479704;82;8338673938;False;мастерклассвязание
BxRtp_ODWfV;"Меринос Prizma Италия 🇮🇹🌹🌹🌹ПРОДАНО
⠀
✅Состав: 75%меринос+25%шёлк
⠀
✅Метраж :2200на 100гр
⠀
✅Цвет: в ассортименте(см. на фото)
⠀
✅Цена:100гр-220рублей.
⠀
✅Наличие: уточняйте в Директ.
⠀
✅отмот от100 гр.
⠀
✳️Вопросы в Директ. Отвечу всем 💕
⠀
✳️Сайт ещё пока в разработке.
⠀
Ждём , любим и вяжем с Olinda ❤️❤️❤️
⠀
#мериносOlinda
⠀
#меринос
#вязатьмодно  #итальянскаяпряжа  #бобиннаяпряжа
#студияпряжи #купитьпряжумосква
#пряжасяком #кашемиршёлк #твидоваяпряжа #пряжамосква #пряжахлопок
#вяжутнетолькобабушки #пряжапайетки
#пряжаслюрексом #мохер #мохерслюрексом #BabiStore #вязаниемосква
#пряжамеринос #пряжакашемир #пряжатвид #пряжаальпака
#мастерклассвязание #ангора #мериносVictoria";1557480036;175;11544129281;False;мастерклассвязание
BxRv-1iDmiG;"Меринос NEW MILL Италия 🇮🇹
⠀
✅Состав: 80%меринос+20%полиамид
⠀
✅Метраж :450на 100гр
⠀
✅Цвет: в ассортименте(см. на фото)
⠀
✅Цена:100гр-150рублей.
⠀
✅Наличие: уточняйте в Директ.
⠀
✅отмот от100 гр.
⠀
✳️Вопросы в Директ. Отвечу всем 💕
⠀
✳️Сайт ещё пока в разработке.
⠀
Ждём , любим и вяжем с Olinda ❤️❤️❤️
⠀
#мериносOlinda
⠀
#меринос
#вязатьмодно  #итальянскаяпряжа  #бобиннаяпряжа
#студияпряжи #купитьпряжумосква
#пряжасяком #кашемиршёлк #твидоваяпряжа #пряжамосква #пряжахлопок
#вяжутнетолькобабушки #пряжапайетки
#пряжаслюрексом #мохер #мохерслюрексом #BabiStore #вязаниемосква
#пряжамеринос #пряжакашемир #пряжатвид #пряжаальпака
#мастерклассвязание #ангора #мериносVictoria";1557481255;287;11544129281;False;мастерклассвязание
BxRw_cvjZl5;"Мастер-класс джемпера крючком ""Мечта"".😍 Листаем карусель👉, ставим лайк❤ и читаем дальше.
МК  в формате PDF. Джемпер вяжется просто на любой размер, в том числе на ребенка☝️. Главное освоить узор (узор авторский, нигде в мире его нет🤗).
🌺 Дана удобная схема с цветовым выделением и расшифровкой условных обозначений. 🌺Пошаговые фото и видео помогут Вам быстро понять сложные моменты. 🌺В МК подробно разъяснено как связать росток и подрезы. 🌺Так же даны рекомендации по пряже и инструментам. При возникновении любых вопросов можно написать мне лично. 🎯В честь праздников цена всего 390 руб. по 17 мая включительно!
💳оплата на карту Сбербанка 
МК высылаю на почту сразу после оплаты.🌿
Кому?😊";1557481784;766;4880153890;False;мастерклассвязание
BxRyVi3D0uU;"Не совсем удалось передать цвет жемчужно-розового @ecoshnur_klever Он очень нежный и приятный 😌
⠀
Сумка связана для @vika_so_va 🖤
⠀
На заказ изготовление в любом цвете.
От 7 дней
С вязаным ремнём: 60byn/1900₽
С кожаным ремнём: 80byn/2500₽
⠀
Видео МК 12byn/400₽
____________
Девочки, кто вязал Энгли по моему МК, отзовитесь, если это читаете 🤗 Сколько уже связали сумочек? Поделитесь)";1557482490;1330;805312059;False;мастерклассвязание
BxSCG_8jKCy;"И снова мой ежик. Не могу удержаться и не постить его, такой он милый 😍😍😍
.
.
#momigurum_i
#вязание
#амигуруми";1557490759;32;10492466651;False;мастерклассвязание
BxSJtjvDvM_;"Зауженный книзу силуэт, плавная линия плеча и узкие рукава гарантируют идеальную посадку на фигуре.

РАЗМЕРЫ 
38/40 (44/46) 
ВАМ ПОТРЕБУЕТСЯ 
Пряжа (90% овечьей шерсти, 10% кашемира; 85 м/50 г) — 900 (1000) г табачного цвета; спицы №5. 
УЗОРЫ И СХЕМЫ 
РЕБРИСТЫЙ УЗОР A 
Количество петель кратно 3 + 1 п. + 2 кром. Каждый ряд начинать и заканчивать кром. петлей. 
Лиц. ряд: * 1 изн., 2 п. зигзага (= следующую 2-ю п. провязать за 1-й п. лиц. скрещенной, но с левой спицы не сбрасывать, затем 1-ю п. провязать лицевой и обе петли со спицы сбросить), от * повторять, закончить 1 изн. 
Изн. ряд: * 1 лиц., 2 п. зигзага (= 2-ю п. провязать перед 1-й п. изнаночной, но петлю с левой спицы не сбрасывать, затем 1-ю п. провязать изнаночной и обе петли со спицы сбросить), от * повторять, закончить 1 лиц.  Продолжение 👇🏻👇🏻👇🏻
#кардиган #кардиганспицами #кардиганывналичии #кардиганы #кардиганописание #кардиганкрючком #кардиганспицами #пуловер #пуловерспицами #пуловероверсайз #описаниевязания #описаниебесплатно #бесплатноеописание #мастеркласс #мастер_класс #мастерклассвязание #мк #мквязание #вязаниеспицами #вязание #вязаниеназаказ #вязаниеспицы";1557494745;567;7332769357;False;мастерклассвязание
BxSPVhRHsYM;"Девочки! Добрый день!!!
.
Ловите от меня ещё одно видео мк.
❤️ Рапорт узора: 2 петли + 1 петля для симметрии + кромочные
.
❤️ Высота узора: 8 рядов (повторяем вязание с 2 ряда по 10 ряд)
.
❤️Серо-белый образец на первом видео связан из пряжи Gazzal Baby Wool. Эту пряжу, а так же другую можно приобрести в профиле @oh_my_knits 🤗
.
#вязаниеспицами #вяжутнетолькобабушки #мквязание #мастерклассыповязанию #мастерклассвязание #урокивязания #узорыспицами";1557497694;6611;1596699;False;мастерклассвязание
BxT1UUGlx_A;"🌷Авторский кардиган (пальто) 🌷""ЛЕДИ""🌷.
.
🌷 Кардиган связан спицами, отделка - крючком
.
🌷Кардиган прямого свободного силуэта
🌷Рукав - реглан, ворот - стойка
🌷Декоративная отделка по вороту, рукавам и подолу .
🌷Размер 48-52 (разная степень облегания) .
.
МК кардиган (пальто) ""ЛЕДИ"" включает в себя: .
.
✴️Подробное описание вязания, сборки и декорирования кардигана
✴️Пошаговые фото
✴️Стоимость МК - 950р.
✴️МК отправляется на указанную Вами эл.почту в pdf формате после оплаты на банковскую карту (реквизиты в Директ)
_______________________________

#gala_gvg #galaвязание #вязаниекрючком #вязаниеиркутск #курсывязанияиркутск #мквязание #курсыиркутск #хендмейд #ручнаяработа #рукоделие #мастеркласс #рукодельница #мастерица #вяжем #иркутск #мастерклассвязание #handmade #хобби #хоббивязание #вязаниемоехобби #моехобби #кардиган #кардиганспицами #вязаныйкардиган #пальто #вязаноепальто #пальтоспицами #авторскийкардиган #мккардиган #вязаниевиркутске";1557551161;44;7981627210;False;мастерклассвязание
BxT8ToqjG43;"Как я понимаю, все мы тут, ну ооочень любим вязать!♥️ Но, главное, чтобы эта любовь  НЕ превратилась в маниакальную зависимость😯☝️
Помню, у меня был такой период, когда меня раздражало все, что отвлекало от вязания! Не хотелось идти в гости, в кино, делать домашние дела, разговаривать по телефону, ну в общем было пониженное желание жить и наслаждаться нормальной человеческой жизнью. Хотелось только вязать!!🙈
Слава Богу, я с этой болезнью благополучно справилась💪, баланс был найден, гармония вернулась, жизнь наладилась.Теперь вяжу и МОГУ остановиться!!😂👌
И мне вот почему-то кажется, что многим из вас тоже знакома эта история...
Я права?!😉";1557554826;184;5735502108;False;мастерклассвязание
BxT8cKoD2mn;"✨ БЕСПЛАТНЫЙ МК✨
▪️Показываю вам свою первую вязаную сумку! Жду ваших оценок 🙈
⠀
▪️ Материалы и инструменты: джут, крючок 3 мм, иголка с широким ушком, ножницы.
⠀
▪️Разделим вязание на этапы: дно, основа, ручки и обвязка ручек изнутри.
⠀
▪️Дно:
1р: 25ВП, во 2ю петлю от крючка (3СБН), 22СБН, (3СБН), повернуть вязание, 22СБН
2р: [3П, 22СБН]×2
3р: [[П, СБН]×3, 22СБН]×2
4р: [[П, 2СБН]×3, 22СБН]×2
Увеличить кол-во СБН на 1 в первых скобках в каждом следующем ряду:
5р: ✓3
6р: ✓4
7р: ✓5...
12р: ✓10
13р: [[П, 11СБН]×3, 22СБН]×2
⠀
▪️Основа:
14-33р: 3ВП, 1ССН в каждую петлю за заднюю стенку петли, СС в верхнюю ВП =121п. Обрезать нить.
⠀
▪️Ручки:
34р: Поставить маркеры в местах ручек. Я положила сумку ровно и закрепила маркеры так, чтобы по бокам было 33СБН, а внутри 27. Присоединить нить в 6ю петлю ряда.
1ВП, 33СБН, 74 ВП, 1СС к месту, где стоит маркер, 33СБН, 74ВП, 1СС к месту, где стоит маркер.
Обвязываем все СБН по кругу без ВП и СС: в конце по краям, где мы отступали 33 СБН будет 6 рядов, а по поверхности ручек 5.
⠀
▪️Обвязываем ручки изнутри:  СБН в каждую петлю. Кончики нитей спрятать в полотне с помощью иголки.
⠀
▪️Сумка готова! Ставь ❤️ и сохрани пост себе, чтобы не потерять этот МК.";1557554896;171;8038730861;False;мастерклассвязание
BxU-4SUn8-1;"Ажурный свитер из итальянского кид мохера ❤️
Мастер-класс‼️
Свитер для размера - S/M, свободный силуэт
Изделие измерялось в горизонтальном положении.
Ширина переда/спинки = 55 см
Длина изделия в самой высокой точке = 58 см
Длинна плеча = 17 см
Длинна рукава (обратите внимание, что в данной модели пройма опущена, поэтому рукав будет длиннее за счет плеча) = 37 см
Уровень сложности - **
#tanya_litvin_ #melangstore #вязание #вязаниеспицами #мастеркласс #мастерклассспицы #мастерклассвязание #вязаниемастеркласс #вязаниемастерклассы #курсывязанияспицами #курсывязания";1557589729;59;5489023227;False;мастерклассвязание
BxU0-z6jluc;"Полезные видео 🎥🧶⠀⠀⠀⠀⠀⠀⠀⠀⠀
⠀⠀⠀⠀⠀⠀⠀⠀⠀
Привет 👋 ⠀⠀⠀⠀⠀⠀⠀⠀⠀
⠀⠀⠀⠀⠀⠀⠀⠀⠀
Не забываем ставить ♥️ ⠀⠀⠀⠀⠀⠀⠀⠀⠀
Это мотивирует меня на создание новых полезных видео 🥰⠀⠀⠀⠀⠀⠀⠀⠀⠀
⠀⠀⠀⠀⠀⠀⠀⠀⠀
Сегодня в рубрике #яна_подскажет расскажу и покажу как стянуть петли)⠀
⠀⠀
Видели эти шишки на головах игрушек? Бедняжки 😁⠀
Смотрим видео и исправляем ситуацию👍🏻 Вяжем красиво и аккуратно ✨⠀⠀⠀⠀⠀
⠀⠀
Сохраняйте пост в закладки, чтобы не потерять 🥰";1557584540;388;4621476342;False;мастерклассвязание
BxU1Ul6DNDU;"🦋Девочки, по многочисленным просьбам сегодня у нас узоры крючком, которые идеально подойдут к летним пляжным туникам!
. 👝
. 💙💙💙";1557584718;373;6164542339;False;мастерклассвязание
BxU3oh8HDHK;"Ажурный свитерочек из итальянского кид мохера собственного изобретения 💕
Теперь научиться вязать это изделие можно не только на занятие в нашей студии @melangstore, но и заказать❗️мастер-класс онлайн❗️ 😉
#tanya_litvin_ #melangstore #вязание #вязаниеспицами #мастеркласс #мастерклассспицы #мастерклассвязание #вязаниемастеркласс #вязаниемастерклассы #курсывязанияспицами #курсывязания";1557585930;65;5489023227;False;мастерклассвязание
BxU9rbQniQJ;"Ажурный свитер из итальянского кид мохера собственного изобретения ❤️ Мастер-класс‼️
Свитер для размера - S/M, свободный силуэт
Изделие измерялось в горизонтальном положении.
Ширина переда/спинки = 55 см
Длина изделия в самой высокой точке = 58 см
Длинна плеча = 17 см
Длинна рукава (обратите внимание, что в данной модели пройма опущена, поэтому рукав будет длиннее за счет плеча) = 37 см
Уровень сложности - **
#tanya_litvin_ #melangstore #вязание #вязаниеспицами #мастеркласс #мастерклассспицы #мастерклассвязание #вязаниемастеркласс #вязаниемастерклассы #курсывязанияспицами #курсывязания";1557589099;48;5489023227;False;мастерклассвязание
BxUIUbqDqor;"Очень крутая жилетка от @lakesideloops ♥️⠀
____________________________________________⠀
#свитер #мастеркласс #вязаныйсвитер #вязаныйпуловер #оверсайз #look #этолюбовь❤️ #свитерспицами #вяжунемогуостановиться #свитероверсайз #вырез #looks #теплоеплатье #тепло #весна2019 #8марта #oversize #fashionlook #всевжизнисвязано #вяжуспицами #мк #мккардиган #мастерклассвязание";1557561124;146;5883141518;False;мастерклассвязание
BxUIvNYHcMx;"Всем добрый день!!! Предыдущий узор всем понравился))) Может и этот узор найдёт свои ❤️❤️❤️ и сохранения)))
.
Листайте карусель - там по рядам показано как вязать эту красоту😊.
.
.
🌼Маркерами отмечен рапорт узора - 10 петель.
.
🌼Высота узора - 8 рядов.
.
🌼Связан узор из ниточки Gazzal Baby Cotton. Актуальное наличие пряжи можно посмотреть в вечных сторис в моем профиле. Либо написать в директ)

#вязаниеспицами #вяжутнетолькобабушки #мквязание #мастерклассыповязанию #мастерклассвязание #урокивязания #узорыспицами";1557561343;1779;1596699;False;мастерклассвязание
BxULHQ1DL6K;"МАСТЕР-КЛАСС УГЛОВЫЕ ПЛАВКИ
⠀ 
Стоимость МК 350₽.
⠀ 
Листаем фото👉 и смотрим какие трусики можно связать на основе данного МК 😊 Разница лишь в наличии завязок по бокам и в выбранном дизайне (оборка, дырочки и т.д.)
⠀ 🧶МК содержит не только подробные фото с описанием, но и ВИДЕО 🎥 ☝️ благодаря которым вам будет намного проще и понятнее!
⠀ 
В мастер-классе вы научитесь:
🔺строить выкройку трусов на свой размер
🔺укреплять край трусов резинкой
🔺узнаете как сделать ровную обвязку без соединительных петель и много другого!
⠀ 
Также вы получаете возможность личных консультаций от меня на неограниченное время!😊
.
Мастер-класс подойдёт на объем бедер от 80 до 110см 😀
.
Для приобретения МК пишите в директ 📝
.
#mkkatusha";1557562589;1701;5601735658;False;мастерклассвязание
BxURPtjja_C;"Добрый день, мои хорошие! 😘

Вижу, понравился вам ажурный узор из вчерашнего поста❤️👍 *

Он действительно оригинальный и смотрится очень даже симпатично.😍 *

Ну а сегодня, как и обещала, показываю летнюю кофточку, где я применила тот самый ажурный узор по низу изделия. 💥

Вязала из мягкого полухлопка, поперёк*

Планирую мастер-класс по её вязанию. Нужен? Пишите в комментариях✍️😘😘😘";1557565804;1306;5829277603;False;мастерклассвязание
BxU_Qgnj50a;"Как освободить энергию на творчество? .
Вам точно к нам, если: .
🔹Список дел превышает количество часов в сутках. .
🔹Список невыполненных обещаний растет в геометрической прогрессии..
🔹Килограммы пряжи ловят на себе недовольные взгляды мужей/детей/родственников .
🔹 Недовязы стопочками пылятся в шкафу. 
Знакомо? .
🎉Команда творческих и активных рукодельниц возьмет вас в свои деятельные руки и проведет по «РукоДоДельному» марафону, который стартует уже 14 мая! .
🎉Всего за 7 дней вы вновь обретете вдохновение и творческую энергию. .
Здесь вас ждут: .
✔️простые, но эффективные задания.
✔️подарки от спонсоров.
✔️полезности от спикеров .

Присоединяйтесь, будет интересно! .
ПРАВИЛА УЧАСТИЯ: .
❣️Поставь лайк этому посту,
.
❣️Сделай репост этого поста в сториз (1. Нажми на значок самолетика под постом 2. Нажми на текст: «Добавить публикацию в вашу историю») .
.
❣️В комментарии к этому посту укажи двух подруг.
.
❣️Подпишись на аккаунт @rukododelniymarafon и читай правила под аналогичным постом
.
❣️Жди начала марафона, смотри эфиры и выполняй задания!";1557589927;76;3080996921;False;мастерклассвязание
BxUqkHiAOIX;"Вяжем косу 🤗
⠀
Рисунок шириной 12 петель отлично смотрится на вязанном свитшоте. Такой образец и свяжем 😊
⠀
1️⃣ Набираем 14 петель (12 для  рисунка + 2 кромочные). Кромочные в каждом ряду вяжутся так - первая петля снимается, последняя - изнаночная.  В следующих пунктах речь о 12 петлях рисунка.
⠀
2️⃣ 1 ряд - 2 изнаночные, 8 лицевых, 2 изнаночные.
⠀
3️⃣ 2-6 ряд вяжем как смотрит вязка (по рисунку).
⠀
4️⃣ 7 ряд - 2 изнаночные, 4 петли снимаем на булавку и отводим за вязание, 4 петли лицевой, возвращаем на левую спицу снятые 4 петли и провязываем их лицевой, 2 изнаночные.
⠀
5️⃣ 8 ряд - как смотрит вязка (2 лицевые, 8 изнаночных, 2 лицевые).
⠀
6️⃣ Повторяем рисунок (вяжем как 1 ряд и так далее).
⠀
Такой рисунок можно вязать из любого четного количества петель, а перевитие делать через четное количество рядов (6, 8, 12) на лицевой стороне вязки🌼
⠀
Если было полезно, ставьте ❤ и не забывайте сохранять пост. Другие уроки можно посмотреть по тегу #секреты_zm🌷";1557579078;744;9042591174;False;мастерклассвязание
BxUwqctD7EE;Я сегодня ленивый тюлень. Делать ничего не хочется от слова «совсем». Радует только то, что это не навсегда 😊;1557582276;129;6671280133;False;мастерклассвязание
BxV9dnKDdlY;"Посмотрите какое оригинальное,  не обычное исполнение #шапка_добрыня от @koshuba_svetlana по моему МК.
.
Полосочками можно залюбоваться😍
_________________________
Больше работ можно посмотреть по тэгу #шапка_добрыня
_________________________
МК в формате pdf, 13 страниц,  44 фото, 11 ссылок на видео. Разберётся даже новичок.  Отработанно и протестированно на три размерных ряда:
- 44-46
- 48-50
- 52-54
А приобрести МК можно, сделав запрос в директ.
Оплата 300 на карту сбера.
____________________________";1557622541;85;3662278038;False;мастерклассвязание
BxVFkezjed5;"Идеальный круг столбиками с накидом))) Обожаю вязать круг таким способом - быстро и расход пряжи меньше 👌🏻
.
Каким способом любите вязать круг Вы? 🤔
#тпряжажелезнодорожный #крючокдляначинающих #тпряжавжелезнодорожном #корзинкиизтрикотажнойпряжи #мастерклассвязание #идеальныйкругкрючком #вяжуизbiskvit #вяжемизbiskvit #трикотажнаяпряжамосква #трикотажнаяпряжаbiskvit #сумкаизтрикотажнойпряжи #вязанаясумканазаказ #вязанаясумка #вязанаямода #вязаниеэтомодно #вязаниеэтотренд #вязаниеэтокрасиво #вязаниекрючкомизтпряжи";1557593237;205;11393982249;False;мастерклассвязание
BxVIe0_DmYB;"Девочки, вижу, что большинству из вас тоже понравился этот оригинальный летний топ. 💥
*
Хочу поделиться с вами его описанием всего за 2 условия:✌️
❣️поставить ❤️этому посту
❣️быть в числе моих подписчиков😘
* 
Напишите мне ‼️в ДИРЕКТ‼️ваш электронный адрес , ‼️НЕ в КОММЕНТАРИИ‼️, и я вышлю вам описание💌
*
Всё мои мк ▶️ #rovnaja_petelka_mk *
Посылаю вам мои лучики тепла!🌞😘😘😘🌹";1557594763;1880;5829277603;False;мастерклассвязание
BxVLteJDnAW;"КАК  без следов УДАЛИТЬ ТЕРМОКЛЕЙ и аккуратно снять декоративные пуговицы , ленты и тд. ? 
Просто! На проблемный участок в течение нескольких минут воздействуем струей горячего воздуха из фена. 
После того, как текстура клея начнет меняться, легким движением руки снимаем поднадоевший вам декор. 
И, вуаля, все готово! 
____________________________
______________________________________________________
#бисквитгрозный  #хобби #модноевязание ##идеихранения #вязаныекорзинки #уютныйдом #бисквитгрозный #biskvit_grozny
#тпряжа #вязаниекрючком #полиэфирныйшнур 
#crochetknitting #baskets  #basketshop #корзинки #корзинкиизполиэфирногошнура #крючокгрозный 
#coлнечныйкpyгнебовокругденюжкаприди #вяжутнетолькобабушки #какecтрак #мастерклассвязание #узорыкрючком #вязатьмодно #вязаныекорзинки #вязаныесумки
#coлneчныйдeнь";1557596540;318;5721043828;True;мастерклассвязание
BxVUGV0jW8H;"✨Новинка✨
У нас очень хорошая новость для всех любителей вязания - теперь у нас появились авторские ⭐МАСТЕР-КЛАССЫ⭐Тани Литвин!!!! Первое изделие,  которое можно выполнить по описанию - прекрасный ажурный свитер. 
Заинтересовало? 
С радостью🙂 ответим на Ваши вопросы!!! #tanya_litvin_ #melangstore #вязание #вязаниеспицами #мастеркласс #мастерклассспицы #мастерклассвязание #вязаниемастеркласс #вязаниемастерклассы #курсывязанияспицами #курсывязания";1557600854;38;5509874927;False;мастерклассвязание
BxVW8Nzjw3E;"✨Новинка✨
У нас очень хорошая новость для всех любителей вязания - теперь у нас появились авторские ⭐МАСТЕР-КЛАССЫ⭐Тани Литвин!!!! Первое изделие,  которое можно выполнить по описанию - прекрасный ажурный свитер. 
Заинтересовало? 
С радостью🙂 ответим на Ваши вопросы!!! #tanya_litvin_ #melangstore #вязание #вязаниеспицами #мастеркласс #мастерклассспицы #мастерклассвязание #вязаниемастеркласс #вязаниемастерклассы #курсывязанияспицами #курсывязания";1557602344;35;5509874927;False;мастерклассвязание
BxVXA_EjM_m;"✨Новинка✨
У нас очень хорошая новость для всех любителей вязания - теперь у нас появились авторские ⭐МАСТЕР-КЛАССЫ⭐Тани Литвин!!!! Первое изделие,  которое можно выполнить по описанию - прекрасный ажурный свитер. 
Заинтересовало? 
С радостью🙂 ответим на Ваши вопросы!!! #tanya_litvin_ #melangstore #вязание #вязаниеспицами #мастеркласс #мастерклассспицы #мастерклассвязание #вязаниемастеркласс #вязаниемастерклассы #курсывязанияспицами #курсывязания";1557602383;36;5509874927;False;мастерклассвязание
BxWs3lBAlYt;"#туника_ochel 
Различные варианты можно связать, с рукавами и без! Можно даже платье! Можно сделать с разрезами, как я на чёрной тунике!
Сегодня еще можно купить МК со скидкой за 300 рублей!!
Покажу вам моих красоток из тест группы:
@mom.vi.knits 
@kulishenkonatalia 
@sofi_tejedora 
@talia_virna 
Девочки, спасибо за тест!!❤❤❤";1557647395;872;4655933752;False;мастерклассвязание
BxXDlBiD_rF;"☀️Лето – не повод отказывать себе в удовольствии носить яркие вязанные вещи. Как этот бирюзовый топ.
⠀
🔰ВАМ ПОТРЕБУЕТСЯ
Пряжа (100% хлопка; 90 м/50 г) — 350 г голубой; спицы №5; круговые спицы №4.
⠀
👉ОСНОВНОЙ УЗОР и ВЫКРОЙКУ смотрите в карусели.
Число петель кратно 5 + 2 кромочные = вязать согл. схеме. На ней даны лицевые и изнаночные ряды, включая кромочные.
Начать с петель перед раппортом, раппорт постоянно повторять, закончить петлями после раппорта.
Выполнить 3 раза 1—8-й ряды, затем выполнить 1 раз 9—12-й ряды = 28 рядов.
В дальнейшем для регланных скосов приведены первые боковые убавки, для этого выполнить 1 раз 13—24-й ряды, затем постоянно повторять 17—24-й ряды, при этом узор сокращается каждые 8 рядов с обеих сторон на 1 раппорт соответственно.
‼️Число петель варьирует внутри раппорта в высоту, все расчеты исходят из первоначального числа петель.
⠀
ПЛОТНОСТЬ ВЯЗАНИЯ
13 п. х 18 р. = 10 x 10 см.
1️⃣СПИНКА
Набрать на спицы 107 петель и для планки связать 1,5 см = 1 изнаночный ряд лицевыми и 2 ряда изнаночными.
Продолжить работу основным узором.
Через 15,5 см = 28 рядов от планки начать выполнять регланные скосы, как описано выше.
Через 46,5 см = 84 ряда от планки отложить оставшиеся 37 п.
2️⃣ПЕРЕД вяжется как спинка.
3️⃣СБОРКА
Переснять на круговые спицы отложенные по 37 петель переда и спинки, с обеих сторон между ними набрать для бретелей по 7 новых петель, замкнуть в кольцо и на всех 88 петлях связать 3 круговых ряда лицевыми. Затем закрыть все петли, как лицевые.
Выполнить боковые швы.
Набрать на спицы по регланным скосам и краям бретелей по 110 петель и также связать 3 круговых ряда лицевыми. Затем закрыть петли, как лицевые.
⠀
👌Ваш яркий топ готов!
⠀
_____
😊Ждем вас в нашем магазине ""КАРАВАН""  По адресу: ул. Гагарина, д. 20
⠀
💳Наличный и безналичный расчёт.
⠀
☎️По всем вопросам звоните/пишите +7 (928) 355-88-74  Или жмите на ссылку в шапке профиля.";1557659302;55;9405976798;False;мастерклассвязание
BxXNuSJjc1E;"🦋Парочка красивых узоров спицами🦋
. 👝. 💙💙💙";1557664620;324;6164542339;False;мастерклассвязание
BxXS7j1jWyJ;"БЕСПЛАТНОЕ ОПИСАНИЕ ВЯЗАНИЯ МЫШКИ-МАЛЫШКИ 🐭

Ставьте ❤️ мне за старания, сохраняйте и вяжите 🤗
Свои работы размещайте под тегом #вязалка_lt

Я использовала пряжу YarnArt Jeans №49 и №74, и глазки на винтовом креплении 6 мм";1557667350;1124;5841428599;False;мастерклассвязание
BxXSX7PjFnc;"🌻🌻🌻🌻🌻🌻🌻🌻🌻🌻🌻🌻
Вязание - это болезнь! Давайте лечиться вместе?! Примите нашу отВЯЗную табЛЕТОчку.
🌻
🌻
Способ применения и дозы: принимать ежедневно с 2️⃣0️⃣ по 3️⃣1️⃣ мая.
@marafonvesna
🌻
🌻  После завершения курса лечения мы гарантируем Вам прекрасное настроение, и как небольшой бонус - 12 оригинальных авторских изделий от 6 крутых мастеров и призы от спонсоров! 🎁🎁🎁 ✔️Наш хештег #лето_вяз✔️ Делитесь с друзьями, приглашайте знакомых, репостите! Чем нас будет больше, тем круче и веселее!🌻🌻🌻";1557667059;96;4652789173;False;мастерклассвязание
BxXXPQmnUCA;"Мой новый МК , прошу на мой канал, ссылочка в ""шапке""👆👆👆
#мквязание #мк #бесплатноеописаниеповязанию #бесплатноеописание #бесплатныймк #бесплатныймастеркласс #каксвязать #каксвязатьшапку #каксвязатьсвитер #вязание #хочунаучитьсявязать #мамавдекрете #вязанаяаппликация #обучениевязанию #научитевязать #свяжименя #свяжу #мастерклассвязания #мастерклассвязаниекрючком #мастерклассвязание #мквязания #мквязаниекрючком #мкарбуз #схемывязания";1557669609;55;8021680544;False;мастерклассвязание
BxXh-IKhMkf;"🏆Delux Sewon Metalic Sunshine (Хрусталь высшего качества) Cosmic 16*21  mm
⚜️1 шт - 36 руб
⚜️ 24 шт - 656 руб (27.33  р. за 1 шт)
〰️〰️〰️〰️〰️〰️〰️〰️〰️
🔸Metalic Sunshine - Кристалл камень с внутренним и внешним покрытием Sunshine. Когда увидели  этот цвет в первый раз, прозвали его прозрачное золото, потому что это максимально его характеризует . Он похож на Дорадо, Только уже более  совершенный. Ведь в отличии от  металлического  золотого покрытия, у этих камней покрытие прозрачное, что даёт им максимальные возможности для блеска и игры хрусталя.
. 〰️〰️〰️〰️〰️〰️〰️〰️〰️
📲Для заказа пишите  в WhatsApp или в direct
+79788169603
〰️〰️〰️〰️〰️〰️〰️〰️〰️
✅По России Доставка бесплатная от 3000руб заказа ✈️
✅Отправляем TK Cdek, Dpd, Почтой (отправка в течении 3х дней после оплаты)
〰️〰️〰️〰️〰️〰️〰️〰️〰️
#космикстразазараза #саншайнстразазараза
.
.
.
. #вязанаясумка #мкуфа #мастерклассспб #мастеркласс #мастерклассцветы #мкповязанию #мастерклассактобе #мастерклассатырау #мастерклассповязанию #мастерклассыповязанию #мастеркласспошитью #мастерклассвязание #мастерклассонлайн #мастерклассы #мквязание #мастеркласстараз #мастерклассалматы  #мастерклассбесплатно #мастерклассактау #мастерклассмосква #мк #мастерклассастана #мастерклассуфа #мастерклассыспб";1557675236;41;4264705129;False;мастерклассвязание
BxXijJnDRYB;"Привет! Как я понимаю что игрушка ребёнку понравилась? Очень Просто-он не выпускает её из рук 🙌и самое главное - берет с собой спать 😇

Вот этот зайка-это 34 см  тискательной милоты ✌️
Связан из безумно приятной пряжи 💯 🤗

Вы только представьте себе каааак это мило, когда малыш, своими маленькими ручками, прижимает во сне этого пухляшика 😍Здорово же?) у меня это вызывает такое умиление 🤗💕 Так что если хотите такого милого друга,🐰 пишите в директ или по ссылке в шапке профиля (цвет может быть любой, не только жёлтый 😏) (цена 800 руб плюс почтовые расходы ✌️) Всем добра!";1557675539;60;6007536952;False;мастерклассвязание
BxXxfdBjEHX;"МК ФЛАМИНГО давным-давно готов, он-лайн прошел, а я все никак не поделюсь с вами этими новостями.

Листайте галерею - я показываю фотографии работ девочек, участвовавших в он-лайне. Авторов работ отметила на фото. Классные фламинго, правда?

Коротко об МК:
.
• описание с пошаговыми фото (27 страниц в формате pdf);
• ножки фламинго и застежка для броши;
• подробно о креплении фламинго на подставочке (в горшочке);
• цена МК 8BYN (250 ₽)
.
О приобретении обращайтесь в Директ.";1557683373;216;4358294693;False;мастерклассвязание
BxYWyNcjDtJ;"Чтобы победить, надо бороться!!!
⠀
Со своими негативными эмоциями...плохими привычками... болезнями...скучной работой... ленью...обидами... неудовлетворённостью какими-либо событиями...
⠀
Надо уметь говорить ""брысь"" всяким бякам!!!
⠀
Делайте себя счастливыми сами и не ждите!!!😉😉😉
⠀
🌿🌿🌿
⠀
Чудесные детки, чудесные улыбки, чудесные глазки!!! Вы только взгляните - ну чудо же!!!
Спасибо, милая @uuulanka, за бесподобный свитерок!!! Моей радости и счастью нет предела при виде такой неземной красавицы!!!😍😍😍
⠀
Свитерок ""Ассоль"" - практичная и оригинальная вещь!
⠀
Для приобретения мк пишите в директ или переходите по ссылке в шапке профиля WhatsApp.
Стоимость 400 рублей.
⠀
❤❤❤";1557702925;1638;6770096511;False;мастерклассвязание
BxZ211MB5XA;"🏆Delux Sewon Jet (Хрусталь высшего качества) Galactic 9*14 mm
⚜️1 шт - 28 руб
⚜️ 36  шт - 753 руб (20.91 р. за 1 шт)
〰️〰️〰️〰️〰️〰️〰️〰️〰️
🔸Jet - Черный не прозрачный камень, сделанный из чёрного хрусталя. 😎 За счёт гладкости и чистоты поверхности отлично отражает попадающий  свет🖤Благороден и шикарен 🖤
. 〰️〰️〰️〰️〰️〰️〰️〰️〰️
📲Для заказа пишите  в WhatsApp или в direct
+79788169603
〰️〰️〰️〰️〰️〰️〰️〰️〰️
✅По России Доставка бесплатная от 3000руб заказа ✈️
✅Отправляем TK Cdek, Dpd, Почтой (отправка в течении 3х дней после оплаты)
〰️〰️〰️〰️〰️〰️〰️〰️〰️
#галактикстразазараза #джетстразазараза #черныестразыстразазараза
.
.
. .  #мастерклассповязанию #мастерклассымосква #мастеркласспошитью #мастерклассастана  #марафон_январь5 #мастеркласс #марафон_январь3 #марафон #марафон_январь1 #марафон_knit_of_changes #мастерклассмосква #мастерклассывкраснодаре #мастерклассбесплатно #мастерклассалматы #мастерклассвязание #марафон_январь4 #мастеркласспоприческам #мастерклассыповязанию #марафон_spring_stories #марафон_ледтронулся #марафон_январь2 #мастерклассспб #марафонsj771 #марафон_dimensions_2019 #мастеркласспокукле";1557753287;39;4264705129;False;мастерклассвязание
BxZB__Ohswy;"Эндорфины пошли, выходные прошли…😭 ⠀ ⠀
Оригинал песни более веселый, чем у нас, но что поделать... 🤗Зато мы набрались сил, энергии, наелись пикниковой еды, отоспались, нагулялись, набрались положительных впечатлений. 👍⠀
⠀
Чтобы еще больше вас подбодрить и скрасить наступивший понедельник, мы специально продлеваем скидку на наши уроки! ⚡⠀
⠀
Хоть понедельник и тянется, но нужно быть на страже, что бы он не успел закончится прежде, чем вы  воспользуетесь нашим купоном на скидку -50%. Промокод  MAY. Предложение действует только до сегодняшней ночи!☝⠀ ⠀
Переходите по активной ссылке в шапке профиля на наш сайт и выбирайте понравившиеся уроки!💛";1557725583;353;4243581788;False;мастерклассвязание
BxZDMIdAXxe;"✔Как пошить и вшить подкладку в вязаную сумку - самый простой и аккуратный способ из тех, которыми пользуюсь я! Полное видео уже на моем канале в youtube в свободном доступе. (South Knits)

Как и обещала! 😉👌
.
.
#вязаниекрючком#вязанаясумка#сумкаизтрикотажнойпряжи#подкладка#подкладкадлясумки#шьемподкладку#сумкакроссбоди#полезныесоветы#мквязание#мастерклассвязание";1557726358;94;4918840833;True;мастерклассвязание
BxZG9paH9fQ;"Мастер-класс по вязанию трикотажной сумки-шопер.
🤩 Продолжительность: 4 часа
🤩 Уровень: Продвинутый Новичок( ученик знает, что такое ВП и СБН🤓)
🤩 Стоимость: 2200 сомов
(В стоимость МК входит пряжа, 5 мотков и крючок, а также кофе-брейк со вкусняшками)
🤩 Мастер @iuliya_chen ‘
⭐️Адрес: студия творчества HobbyPark.
пр. Чингиза Айтматова, 91
⭐️Дата: 22 мая  11:00
⭐️Запись и оплата производится заранее, 0779 22 33 33.

При себе иметь хорошее настроение, до встречи😊

#мкбишкек #вязаниебишкек#творчествобишкек #рукоделиебишкек #мастерклассвязание";1557728185;68;11290203679;False;мастерклассвязание
BxZJBNSDDON;"⭐️ Подводим итоги ⭐️ Мастер недели по результатам статистики за прошлую неделю:⠀
🎉 @kristina_panfilova 🎉⠀
.⠀
Поздравляю 🌸⠀
___________________________________________⠀⠀ #свитер #мастеркласс #вязаныйсвитер #вязаныйпуловер #оверсайз #look #этолюбовь❤️ #свитерспицами #вяжунемогуостановиться #свитероверсайз #вырез #looks #теплоеплатье #тепло #весна2019 #8марта #oversize #fashionlook #всевжизнисвязано #вяжуспицами #мк #мккардиган #мастерклассвязание";1557729263;83;5883141518;False;мастерклассвязание
BxZJt-YDjZl;"😍👍Описание классной шапочки от @knitting_msk👈👈👈
⠀⠀⠀⠀⠀⠀
✔️ Пряжа - меринос производство Италия,метраж 50 гр/90 м
✔️ Размер - 54-56
⠀⠀⠀⠀⠀⠀
👍Думаю все знают как вязать резинкой 1*1,поэтому не стала снимать видео,спицы на резинку #4 ,набрала 102 петли+1 петлю для замыкания в круг, на ОГ 54-56. Число петель должно быть кратно 24,так как раппорт узора два жгута по 12 петель - это 24 петли,я вязала отворот 17 см высоту,у вас может быть абсолютно любая высота.
⠀⠀⠀⠀⠀⠀
✔️ В 1 видео после резинки в первом ряду я добавила ещё 18 петель ,так как узор стягивает сильно ,итого 120 петель. После добавления петель вяжем 1 ряд 1 лиц 1 изн,до конца ряда.
⠀⠀⠀⠀⠀⠀
✔️ 2 видео -1 ряд пышной резинки или английской,меняем спицы у меня #4,5 ,вводим спицы в лицевую петлю предыдущего ряда ,изнаночную вяжем обычно и так до конца ряда.
⠀⠀⠀⠀⠀⠀
✔️ 3 видео- 2 ряд пышной резинки ,лицевую вяжем обычно,вводим спицы в изнаночную предыдущего ряда . И так повторяем первый и второй ряд и вяжем 10 рядов
Завтра выложу 🙆‍♀️🙆‍♀️🙆‍♀️
⠀⠀⠀⠀⠀⠀
✔️ 4 видео-11 ряд ,первые 6 петель снимаем в доп спицы и оставляем перед работой,вяжем 6 петель пышной резинкой (не забывайте чередовать пышную резинку) и после 6 петель с доп спиц, далее 12 петель пышной резинки ,это раппорт узора,так вяжем до конца ряда.
Не считая перехлест вяжем ещё 11 рядов пышной резинки .
⠀⠀⠀⠀⠀⠀
✔️ 5 видео-12 ряд 2 перехлёст ,вяжем 12 петель пышной резинки ,далее 6 петель снимаем на доп спицы и оставляем за работой ,вяжем 6 петель и после 6 петель с доп спицы,и так до конца ряда. И далее повторяем перехлест в каждом 12 ряду чередуя 4 и 5 видео,вяжем нужную вам высоту у меня будет 25-27см
⠀⠀⠀⠀⠀⠀
✔️ 6 видео-закрываем макушку 1 петлю снимаем не провязывая, изнаночную провязываем лицевой и продеваю эту петлю через снятую петлю ,и так вяжу 3 ряда и стягиваю.";1557729629;2111;4796792842;False;мастерклассвязание
BxZKdLuj5Ya;"Бесплатное описание шапки
«Рельефные медальоны» от мастера @triniti.knit ⠀
Вяжем из пряжи (50 г - 90 м), я вязала из пряжи BBB Full. Вяжем в две нити. Мне потребовалось 4-ре мотка (на шапку и образец)
⠀
Важно попасть в мою плотность.
⠀
Результаты после ВТО: 
резинка на спицах 4,5 мм:
10 см - 16 петель
основной узор на спицах 5,0 мм:
10 см - 15,5 петель
⠀
На размер головы 55-56 см набираем 74 петли + 1 петлю для замыкания в круг, для размера 53-54 см - 72 петли, 57-58 см - 76 петель. Вяжем резинку 1*1. Пока высота не достигнет 15 см. У меня вышло 29 рядов.
⠀
Затем для узора нам нужно добавить петли ( 53-54 - 5 петель, 55-56 - 3 петли, 57-58 - 1 петлю), любым удобным для вас способом (я поднимаю петли предыдущего ряда) и перейти на спицы 5.0. Все это будем делать в первом ряду узора. ⠀
1р: *1 лиц, 5 изн, 1 лиц* 
Повторяйте от * до * до конца ряда.
2р и все четные ряды вяжем по рисунку 
3р: *2 лиц, перекрещённые влево, 3 изн, 2 лиц, перекрещённые вправо*
Повторять до конца ряда
4р: по рисунку
5р: *1 лиц, 2 лиц, перекрещённые.влево, 1 изн, 2 лиц, перекрещённые вправо, 1 лиц*
Повторять до конца ряда
6р: по рисунку
7р: *1 лиц, 2 петли, перекрещённые вправо, 1 изн, 2 петли, перекрещённые влево, 1 лиц*
Повторять до конца ряда
8р: по рисунку
9р: *2 петли, перекрещённые вправо, 3 изн, 2 петли, перекрещённые влево*
Повторять до конца ряда
10р: по рисунку
11р: *1 лиц, 5 изн, 1 лиц* 
Повторяйте от * до * до конца ряда.
12р и все четные ряды вяжем по рисунку 
13р: *2 лиц, перекрещённые влево, 3 изн, 2 лиц, перекрещённые вправо*
Повторять до конца ряда
14р: по рисунку
15р: *1 лиц, 2 лиц, перекрещённые.влево, 1 изн, 2 лиц, перекрещённые вправо, 1 лиц*
Повторять до конца ряда
16р: по рисунку
17р: *1 лиц, 2 петли, перекрещённые вправо, 1 изн, 2 петли, перекрещённые влево, 1 лиц*
Повторять до конца ряда
18р: по рисунку
19р: *2 петли, перекрещённые вправо, 3 изн, 2 петли, перекрещённые влево*
Повторять до конца ряда
20р: по рисунку
21 р: *1 лиц, 5 изн, 1 лиц* 
Повторяйте от * до * до конца ряда.
Продолжение в карусели🤗";1557730016;1390;4796792842;False;мастерклассвязание
BxZPw2CD5Cf;"Вот и готов МК на платье ""МАЛЕНЬКАЯ ВОЛШЕБНИЦА""! Тестирование подходит к завершению, и теперь каждому могу предложить полные инструкции к вязанию:

1💜 В МК вы получите подробное описание порядка и логики расчетов, чтобы стало возможным связать из любой пряжи и любыми спицами, с вашей плотностью!

2💜 Узоры очень простые, поэтому эта модель идеальна для пряжи секционного крашения 🧚‍♀️, и однотонной смотрится очень мило! Пряжа любого состава подойдет: и теплая шерсть, и летний хлопок/бамбук!

3💜 МК содержит фото процесса и пример расчетов для сравнения!

4💜 Пропорции модели платья подойдут для деток ростом 62-104см.

5💜 Модель простого уровня, и требуются простые навыки:
умение вязать лицевые и изнаночные; добавление петли путем вывязывания скрещенной из предыдущего ряда; трикотажный шов для сшивания деталей.

Формат файла .pdf
Стоимость МК 200руб.

Для приобретения - пишите мне сообщение в директ или в WatsApp, 👆ссылка в профиле!

До начала лета (1 июня) всем за приобретение МК🎁 дарю описание шапочки ""ГНОМИК""!";1557732799;61;8700978642;False;мастерклассвязание
BxZUFGfjEua;"Девочки-рукодельницы, хорошие мои, здравствуйте!!!🌞
*
Я провела с вами заочно целых два дня!🤗 Желающих  получить бесплатное описание летнего топа, связанного поперёк, оказалось очень много😍👍
*
Поэтому некоторым пришлось немного подождать🤗 *
‼️ВНИМАНИЕ‼️
Девочки, кто писал адрес, но описание всё ещё не пришло??? ЗНАЧИТ▶️
1. Вы написали адрес с ошибкой☝️
2. Вы написали адрес в комментариях! А надо В ДИРЕКТ!!!☝️ *
ПОЭТОМУ, если всё ещё хотите получить описание, просто напишите ПРАВИЛЬНЫЙ АДРЕС В ДИРЕКТ!!! И я обязательно вам отправлю😘
*
Хочу сказать вам СПАСИБО за тёплые слова и благодарность. И извините, что не каждому успела ответить, так как, правда, просто не успевала физически и хотелось поскорее вам всё отправить!💥💥💥
*
Были вопросы по процессу вязания топа. Советую:
1. Обязательно вязать образец и по нему определять вашу плотность‼️
2. Если вам нужно изделие больше размером, чем в описании, то следует увеличить количество раппортов ажурного узора‼️
*
Я очень рада каждой из вас😘Надеюсь, мы подружимся 🤗❤️
*
Желаю всем вдохновения, отличного настроения и ровных петелек! Вяжите с радостью и всё получится!!!🔥🔥🔥";1557735062;141;5829277603;False;мастерклассвязание
BxZW04qDz0T;"УРА! ТРУДОВЫЕ БУДНИ. 🥴🤪🤓
Вот и закончились майские каникулы.
Прошли все акции..... Подарки розданы.....
Шашлыки съедены..... Пора продолжить творить.
Для тех, кто все пропустил, напоминаю, что у меня появилось два новых мастер-класса.
- модификация по малышу Пику - 89р
- мк по тигруше 299р.
➖➖➖➖➖➖➖
Делитесь сколько кг. прилипло за две недели? 😉
P. S.
У меня в голове уже созрел новый миниодноглазик. 🤯
Надеюсь, уже скоро вы его увидите";1557736502;70;1024102964;False;мастерклассвязание
BxZZipPDZsU;"Всем приветики!
⠀
Дети уезжали в пансионат, поэтому последние 4 дня я вязала.
Что я успела сделать за последнюю неделю!
⠀
Связала 4 ноги и 4 руки, правда, когда собрала куклы, 2 руки и две ноги оказались лишними 😁
⠀
Собрала 3 куклы.
⠀
Нарастила волосы на 4 головах.
⠀
Сшила 4 юбочки из фатина и одну из х/б.
⠀
Связала пару ботиночек на жёсткой подошве, пару мягких ботинок и пару туфелек.
⠀
Связала две кофточки крючком
⠀
Связала жёлтую шапочку спицами
⠀
Связала голубые шапочку и шарфик в рамках марафона.
⠀
Сделала лицо кукле с вышитыми глазами,  на что ушло безумно много времени, почти полдня.
⠀
Может, что-то упустила, но это уже мелочи 🙂
⠀
А что успели сделать вы?
⠀
На фото кукла с связанными глазами. Рост 20 см.
Цена 1300р.";1557737925;608;6939858340;False;мастерклассвязание
BxZ_ikFh0Pl;"Псс, мастер, не хочешь немного посотрудничать?😎⠀ А может и много, мы любим долгосрочные проекты. 😉⠀
⠀
Вы прекрасно вяжете, и у вас есть свои мастер классы? Вы хотите, чтобы ваша аудитория расширялась? Мы тоже этого хотим, поэтому приглашаем мастеров со своими мастер-классами к нам в команду профессионалов!💪⚡✌🎉⠀
⠀
Интересно? пиши  на почту info@myfergyshool.ru  и мы расскажем все подробности!⠀
￼";1557757848;221;4243581788;False;мастерклассвязание
BxZdDu3DVyu;"Я уже забыла когда в последний раз вязала шапку 🙈
Ну или мне так кажется просто, что в последнее время у меня кардиганы и топы😁
⠀
Эту шапку связала месяца 2 назад, а снуд только на днях на детской площадке в +29 😁
Сегодня уже даже в ветровке прохладновато, хотя руки не мёрзнут, но в ближайшее время жары не обещают, будет только холоднее 🤪
А мы уже привыкли к жаре и шортам, блин😁
⠀
В общем, шапки нам ещё пригодятся, видимо - надо снова их вязать 🤣
Вот закончу рукав у кардигана и, наверное, возьмусь за шапки 😊
А этот комплект связан для проекта @hope_klubok_tmn и будет передан в Детский дом 😊
⠀
А что Вы сейчас вяжете: кардиганы или шапки?
————————————————————
На фото: комплект из снуда в 1 оборот и шапки-тыковки.
Размер: 48-52 см.
Состав: 100% меринос.
Сезон: весна/осень/не лютая зима.
⠀
➿Цена на заказ (меняется в зависимости от размера): 2200-3000₽ (детские), 3200-3600₽ (взрослые)➿
✔️Размеры от 44 см до 60 см.
✔️Много красивых цветов.
⠀
Для заказа пишите в Direct или мессенджеры +79220479820 (готовность - конец мая).
————————————————————
Все мои вязаные работы по тегу #sapelkina_knitting
⠀
Шапки #sapelkina_шапки
⠀
Снуды, манишки #sapelkina_снуды
⠀
Бесплатный МК по такой шапке ищите в закреплённых Stories «Беспл.МК»😉
————————————————————
#вяжутнетолькобабушки #вяжутнетолькобабушкиноимамочки #вязаниеспицами #шапкаспицами #заказатьшапкутюмень #заказатьшапкумосква  #вязаниеназаказмосква #вязаниеназаказтюмень  #описаниевязания #мастерклассвязание #бесплатныймк #мкшапка #вязаниедляновичков #шапкатыковка #шапкарезинкой #весенняяшапка #шапканавесну #удлиненнаяшапка #шапканазаказ  #вязаниедлядетей #вязаниедетям #стильныедети #модныедетки #вяжунемогуостановиться  #бесплатноеописание #бесплатныймастеркласс";1557739769;513;7824436614;False;мастерклассвязание
BxZghQSgus8;"Бесплатное описание львенка от @sokolova_knit_toys
⠀
⠀
МК в карусели 👉
⠀
⠀
При публикации своих работ указывайте автора мк @sokolova_knit_toys
⠀ ⠀
⠀❤💚💜💙💛";1557741584;15;9314373129;False;мастерклассвязание
BxZoNpDjjMN;"🌊 Симпатичный узор, идеально подойдёт для топа🌊
. 👝
.
.
.
💙💙💙";1557745618;1490;6164542339;False;мастерклассвязание
BxZp3YLjYAU;"Чух-чух 🚉

Нашего папу постоянно отправляют в командировки 🧳 На этот раз мы решили сменить обстановку и поехать с ним 👨‍👩‍👧
Едем на недельку в Белгород 🏙 Будем с малышом изучать новые локации, а то у нас уже давно все изучено 😊
Осталось только решить, какие ниточки взять с собой 🧶 и можно отправляться 😁

Есть среди моих читателей кто-то из Белгорода? 😊";1557746484;157;5841428599;False;мастерклассвязание
BxaCxoZDux6;"ЧИТАЙ👇СМОТРИ☝️⠀
⠀
Существует множество способов создания кольца амигуруми. В видео я показываю 4 варианта. По моему мнению, они наиболее простые☺️⠀
⠀
А каким способом вы делаете кольцо амигуруми? Он есть в рассмотренных мной вариантах?⠀
⠀
Для тех, кто никогда не делал кольцо амигуруми, оставлю небольшие подсказки, которые помогут вам быстро научиться его делать:⠀
⠀
1️⃣ Само кольцо не делайте слишком большим, его будет сложнее затянуть.⠀
⠀
2️⃣ Чтобы ниточка по итогу затянулась, нужно вводить крючок под обе ниточки колечка.⠀
⠀
3️⃣ Не провязывайте в кольцо слишком плотные столбики без накидка, это затруднит затягивание колечка.⠀
⠀
Не забудьте поставить ❤️ мне за старания🙈 Вам не сложно, а мне приятно☺️⠀";1557759544;158;9729337480;False;мастерклассвязание
BxaEk5gDY0H;"Понедельник день тяжёлый, но не для меня😉
.
Сегодня начала работу над новой игрушкой. Отгадайте чья мордашка на фото?!?
.
Кто внимательно следит за моей страничкой, сразу догадается😂";1557760488;217;5435069586;False;мастерклассвязание
BxabrrEjNAa;"МАСТЕР-КЛАСС
по СУМКЕ на деревянных боковинах!
❗️
Уже в восьмой раз в Москве! СПЕШИТЕ УСПЕТЬ, повтора не будет долго!
❗️
Вы можете ВЫБРАТЬ:
✔️Материал - трикотажная пряжа или микс пряж
✔️Форму боковин - овал или капля
✔️Систему крепления - прямая перекладина или фирменный замок Katy Bags
❗️
Эта сумка АБСОЛЮТНЫЙ ЭКСКЛЮЗИВ:
- авторская разработка Katy Bags
- собственное производство фурнитуры из МАССИВА ДУБА
- богатый выбор ремней
❗️
В итоге вы ПОЛУЧИТЕ свою НЕПОВТОРИМУЮ модель премиум-сумки, связанную собственными руками!
❗️
Круто? Считаем, что ДА! Если считаете также, пишите быстрее в Директ @katy_bags_spb. Количество мест ограничено!
❗️
Стоимость  участия и материалов на набор «СТАНДАРТ» (моток трикотажной пряжи, деревянные боковины с ремнём, деревянная перекладина с магнитом) 4000₽
❗️
26 МАЯ (вс)
11:00-17:00
3КОКО СТУДИЯ на Таганке
———————
#3коко #3кокомаркет #3кокостудия #katy_bags #вязанаясумка #мастеркласс #мастерклассмосква #вязаниекрючком #мастерклассвязание #премиумсумка
#своимируками #длясебялюбимой #назавистьподругам #деревяннаяфурнитура";1557772602;391;3043179268;False;мастерклассвязание
Bxac2q3nq05;"🐇 Хотите получить бесплатный МК по этому весёлому зайчишке?
. 🐇 Хотите связать его в интересной компании подружек рукодельниц?
.
🐇 А хотите за это ещё и поучаствовать в розыгрыше приза? ..
..
Тогда вам срочно нужно бежать 🏃‍♀️ в #рукододельныймарафон на страничку @rukododelniymarafon ..
..
Выполняйте простые условия, подписывайтесь на спонсоров, и участвуйте в интереснейшем проекте 😉";1557773217;281;2870336738;False;мастерклассвязание
Bxb1RRBjIrW;"Уважаемые рукодельницы, у нас отличная новость - с 17 мая стартует курс ""РЕГЛАН СВЕРХУ""🌷
.
Курс очень подробный, обширный и понятный💛
Состоит из видео-уроков:
.
👌🏻Урок 1. Разновидности, мерки, образец.
👌🏻Урок 2. Расчет и распределение петель горловины, ростка, линии реглана. Разновидности оформления линии реглана.
👌🏻Урок 3. Набор петель. Замыкание в круг. Вязание горловины: вязание ростка и горловины переда укороченными рядами. Регланные линии.
👌🏻Урок 4. Расчет подреза. Набор петель подреза, вязание корпуса.
👌🏻Урок 5. Оформление подреза на рукавах. Расчет убавок и вязание рукавов.
👌🏻Урок 6. Детали: оформление низа рукавов и горловины.
👌🏻Урок 7. Декор джемпера: аппликация и вышивка.
.
В результате прохождения курса вы сможете связать джемпер регланом сверху любого размера и любого фасона!
.
Осталось несколько мест🔥
.
Если вы хотите присоединиться, узнать стоимость и задать все интересующие вас вопросы - пишите в Директ📩
.
#школавяжидлядуши #knitforsoul #knitforsoulru #вяжидлядуши_мк #вяжидлядуши_реглансверху #вязание #вязаниеспицами #стильноевязание #модноевязание #вязатьмодно #школавязания #обучениевязанию #вязаниеонлайн #онлайнкурсы #идеидлявязания #вязанаямода #курсывязания #вязаныеидеи #хоббидлядуши #вяжутнетолькобабушки #вязаниемоехобби #мастеркласс #мастерклассвязание #мастерклассповязанию #мквязание #реглан #реглансверху #мкреглансверху #мкреглан";1557819572;199;8758368457;False;мастерклассвязание
BxbkTtyjbgB;"🧶Вы вяжете на заказ?
Я вязала на заказ. В основном носки. И не связала не одной одинаковой пары носков.
🤔Поняла для себя, что хочу не просто заниматься вязанием, а учиться новым способам, создавать новые модели.
🤓Решила оставить за собой право заниматься любимым делом и получать от этого удовольствие.
🧐И готова этим новым делиться с вами. Это я как раз люблю делать😍
На фото детский свитер лопопейса на возраст 2 года.
Хотите описание, пишите в комментариях.
#чатвместесила #вяжемспицами #мастерклассповязанию #школавязания #мастерклассвязание #вяжудлядетей #вяжетбабушка #вяжеткрасноярск";1557810679;34;4499258886;False;мастерклассвязание
BxbmMTjCqW-;"Просто вдумайтесь! ⠀
В нашем арсенале уроков аж 25 моделей одежды, 40 моделей сумок и рюкзаков, 15 видов головных уборов, 3 магнитофона, 2 портсигара отечественных😂😅, а еще носки, обувь для дома и улицы, игрушки! Вяжи- не хочу. Эта поговорка  не совсем про нас. Мы вяжем и хотим еще и еще. 💪🏻⠀
⠀
У нас постоянно пополняется ассортимент новинками. Мы стараемся все делать для того, чтобы разнообразить вашу вязальную жизнь😊😉.⠀
⠀
Мастер-классы представлены в видео формате, а так же в формате ПДФ. Все настолько понятно, что со схемами справляются даже новички, которые взяли крючок или спицы впервые!👌 ⠀
⠀
Все уроки представлены на нашем сайте. Активная ссылка в шапке профиля. ⠀ ⠀
Так, в разделе “Уроки” вы найдете все вышеперечисленное и даже больше! После покупки урока, он будет доступен в вашем личном кабинете. Доступ бессрочный, вы можете начать или вернуться к вязанию в любое удобное для вас время! 🌿⠀
⠀
А сколько вещей по нашим урокам вы уже связали?🤔";1557811667;138;4243581788;False;мастерклассвязание
Bxbo3n3nGjn;"Доброе утро!!!
Выходные прошли с пользой - наснимала для вас видео мк по вязанию узоров)))) И потихонечку буду с вами делиться 😊😊😊 А вы делитесь со мной лайками и комментариями!!!
.

Сегодня у нас супер простой узор. Освоит даже новичек ❤️
.
💖 Рапорт: 2 петли + кромочные (у меня по две с каждого края)
💖 Высота узора: 4 ряда
💖 Образец на первом видео связан из пряжи Gazzal Baby Wool в одну нить
💖 Пушистый образец связан из #пухнорки в одну нить.
.

#вязаниеспицами #вяжутнетолькобабушки #мквязание #мастерклассыповязанию #мастерклассвязание #урокивязания #узорыспицами";1557813070;1344;1596699;False;мастерклассвязание
Bxc4rzQAMJ2;"Когда я вижу такие чудесные работы, мне хочется долго прыгать и хлопать в ладоши от радости!!!
⠀
Свитерок создан волшебными ручками @fistashka_86 - спасибо огромное за такой подход и отличный результат!!! Мне безумно нравится)))
⠀
❤❤❤
⠀
Вы тоже можете связать такую прелесть самостоятельно. Мастер-класс по вязанию крючком свитерочка ""Ассоль"" - это подробная инструкция, включает расчёты,  фото, описание процесса. Нет привязки к моей плотности вязания! Так что связать можно на любой размер!!!
Стоимость мк 400 рублей.
⠀
Для покупки пишите в директ или переходите по ссылке в шапке профиля WhatsApp.
⠀
❤❤❤";1557854916;1433;6770096511;False;мастерклассвязание
BxcERzyH4hu;"Да, вы сможите связать такой пуф самостоятельно !
А я вам помогу )
Цена видео мк 500 руб.
Видео сохранены в закрытой группе инстаграмм. Доступ без ограничения.
Кому ???
#сделайсам #вяжутнетолькобабушки #мквязаниеспицами #учувязать #мквязание #явяжу #люблювязать #вяжемшапку #описание #вяжемсвитер #вяжемвместе #вяжукрючком #мквидео #видеовязание #крючок #спицы #уроквязанияспицы  #схемаспицами
 #пуф #пуфик  #трикотажнаяпряжа #вязаныйпуф #вязанаякорзинка #мастерклассвязание  #новогоднийдекор #хлопковыйшнур #тпряжа #мастерклассвязание #сделайсама #декорсвоимируками";1557827441;1330;716863446;False;мастерклассвязание
BxcJdoViX4O;Котиков становится больше 👏. Совсем скоро будет готов мастер-класс по Коту Савелию с подробным описанием и пошаговыми фотографиями! 🙂;1557830159;68;3635391024;False;мастерклассвязание
BxcLASaiPOv;"Добрый день.
Рада вам представить #universal_jump .
Этот МК является полноценным руководством по всем необходимым расчетам для вязания базового анатомического реглана сверху с ростком, округлением горловины и подрезами, так же учитываются необходимые прибавки на свободу изделия. В дополнении в МК вы найдете авторскую мини-программу с автоматическим расчетом реглана и бонус в виде #блокноткролика.
Вы сможете создавать различные изделия из различной пряжи, используя этот расчет! Так же приведены основные моменты практической части вязания с узором для рукавов моего оригинального джемпера.
В новом проекте Вы:
▪️научитесь высчитывать плотность вязания;
▪️определять необходимый размер первоначальной цепочки;
▪️научитесь вязать и высчитывать анатомический реглан сверху с ростком и округлением горловины, подрезами
▪️ научитесь формировать линию анатомического реглана, распределять прибавки;
▪️получите авторскую таблицу автоматических расчетов для ЛЮБОГО размера и плотности вязания. С помощью этого инструмента в дальнейшем Вы сможете реализовать не одно изделие с различными узорами и из разной пряжи;
▪️Получите рекомендации по практической части вязания.
◼️
Посмотрите, какие разные джемпера, майки, можно связать по материалам мк, изменив всего лишь узор, пряжу и цвет).
▪️Работы девочек-волшебниц можно посмотреть по тэгу #universal_jump. Все работы пропитаны индивидуальностью.😍
💳Стоимость МК 350 руб.рос (12бел.руб)., а 14-15-16 мая стоимость со скидкой - 280руб.рос. (9бел.руб)
Оплата
▪️Яндекс.Деньги;
▪️Виртуальная карта mastercard, для бесплатного пополнения Сбербанк, Евросеть, Связной;
▪️Карточка Беларусбанк (для Беларуси)
#мк_кролика";1557830967;273;4234384181;False;мастерклассвязание
Bxcb6k3CLxd;"СПОСОБ, О КОТОРОМ МАЛО КТО ЗНАЕТ ОТ @sia_chi
⠀
Сшиваем две детали одного изделия при помощи крючка😊
⠀
1. Переворачиваем детали на изнаночную сторону
⠀
2. Распускаем боковую косичку левой детали до самого конца, поддевая крючком петли косички, освобождая их таким образом
⠀
3. Вводим крючок в самую последнюю распустившуюся петлю, затем под косичку правой детали
⠀
4. Подхватываем следующую петлю с левой детали, протаскивая через 2 ранее нанизанные петли
⠀
5. Вводим крючок снова под косичку, подхватываем следующую распущенную петлю и снова провязываем ее на изнаночную сторону, протянув через 2 предыдущие петли
⠀
6.  Таким образом сшиваем изделие до самого верха
⠀
Легче простого! Я только таким и пользуюсь😉
⠀
Преимущество данного способа: если решите распустить изделие, то не придется расшивать сначала швы (как если бы вы сшивали иглой), а петли распускаются сразу со швом одновременно 😊
⠀
У- удобно 😃 ❤️
.
А ещё этот способ просто спасение, если не хватает пряжи😌😌😌
.
Больше полезных видео тут #sia_chi_poleznoe";1557839833;4856;4796792842;False;мастерклассвязание
BxccEaSikqR;"Автор @marivoka_knit

Способ закрытия петель лицевой глади, при котором, край почти не заворачивается.
⠀
⠀

#описаниеLHK 
#вяжутнетолькобабушки #вяжутнетолькобабушкиноимамочки  #вязаниеспицами  #вязанаяшапканазаказ #вязаныйснудназаказ  #снудспицами #шапкаспицами  #шапкатыковка #шапкарезинкой #простаяшапка #вязаниедетям #вязаниедлядетей #бесплатныймк #мастерклассвязание #обучениевязанию #школавязания #шапкабини #бесплатноеописание #описаниевязания #мкспицы #мастеркласс";1557839948;971;4796792842;True;мастерклассвязание
Bxcco4YCqLW;"Узор для толстой пряжи.
.
Автор @mahnazknits
⠀
⠀

#описаниеLHK 
#вяжутнетолькобабушки #вяжутнетолькобабушкиноимамочки  #вязаниеспицами  #вязанаяшапканазаказ #вязаныйснудназаказ  #снудспицами #шапкаспицами  #шапкатыковка #шапкарезинкой #простаяшапка #вязаниедетям #вязаниедлядетей #бесплатныймк #мастерклассвязание #обучениевязанию #школавязания #шапкабини #бесплатноеописание #описаниевязания #мкспицы #мастеркласс
#радужная_волна_красная";1557840255;1175;4796792842;True;мастерклассвязание
BxceaOKoBNq;"@school_crochet ДАРЮ МК ЮБКА И ТОП 👍🏻 - За покупку пряжи по ссылке в шапке профиля.  Пряжа продается от 1 мотка, можно купить на любую сумму 💰. Кстати там есть пряжа для топа и юбки очень красивых оттенков - газзал беби коттон 165 м/50 г.
.
🌻Важные условия для получения МК: оформить покупку через корзину и оставить отзыв. Если что-то непонятно, может не получается оформить покупку, другие вопросы, пишите в комментариях или директ.
. ➕ И плюс вы получите видео МК от @happy_shop_crochet - подставка сердечко под горячее крючком. Для подставок тоже в наличии хлопок популярных оттенков.

Купите пряжу и получите в подарок 3 МК 🎁. Успейте воспользоваться выгодным  предложением.
.
Переходите по ссылке в шапке профиля (активная ссылка в самом низу шапки). У @happy_shop_crochet еще 5 часов висит прямой эфир в записи, там она показывает пряжу из магазина.

Нравится акция? Поставьте плюсик в комментах ➕";1557841141;1655;2036066391;False;мастерклассвязание
Bxck1xUCDbY;"Мы не будем усаживать Вас за стол и направлять лампу вам в глаза.😑 ⠀
Не будем играть в плохого и хорошего полицейского😇👿⠀
⠀
Мы просто ненавязчиво так спросим,- каких мастер-классов вам не хватает в нашей школе?😏 Может, больше вариантов одежды для детей, или даже для интерьера дома? 👂⠀ ⠀
Мы хотим развиваться, и в первую очередь хотим, чтобы вам с нами было интересно, чтобы наши мастер-классы вдохновляли вас на свершения! ⠀
⠀
Но для начала мы попросим вас поделиться вдохновением с нами! ⠀
⠀
Напишите  в комментариях, какие бы мастер классы вы хотели видеть у нас? Поддержим даже самые невероятные идеи!😀😏";1557844512;329;4243581788;False;мастерклассвязание
BxcmFw2AXR4;"Что скрываю рукодельницы на своих онлайн мастер-классах?⠀
⠀
Зачем закрывают аккаунт? О чём общаются в чате? Почему описание даётся частями?  И что это за секретные видео?⠀
⠀
Раскрываю все тайны своего Онлайна👇🏼⠀
⠀
◇ Учавствовать в онлайн мастер-классе — это как вступить в закрытый клуб Первых! Где все участники целеустремлённые люди 🎯 с одним общим интересом - связать чудесную игрушку 🤖 👍🏻⠀
⠀
◇ Для большего вовлечения в процесс и лёгкого взаимодействия всех записавшихся,  я создаю общий чат💬⠀
В него  участники так же присылают этапы выполненной работы, задают вопросы, поддерживают друг друга.⠀
⠀
◇ Вязание игрушки - это большая задача. Чтобы все получили удовольствие от мастер-класса, нам необходим спокойный темп работы, а не стрессовая ситуация 🧘🏼‍♀️ Поэтому мы делим описание на мелкие задачи. ⠀
Так же этот способ помогает бороться с ленью 😉⠀
⠀
◇ Ну и «must have» —  видео сопровождение мастер-класса 🎥🎞 Это как 5D фильм 👍🏻⠀
Полное погружение в процесс создания игрушки, все нюансы, все секреты мастера.⠀
⠀
Приглашаю вас на онлайн «Робот»⠀
•Стартуем уже 15 мая 🤖🌿⠀⠀
•Онлайн будет проходить в закрытом профиле Инстаграм @sazanovatoys⠀
•По окончании все участники получат полноценный мастер - класс в формате PDF 🤖⠀
•А так же среди записавшихся проведу розыгрыш любого моего мастер-класса.⠀
•Реквизиты для оплаты в шапке профиля. Присылайте в Директ чек 🧾 и адрес вашей электронной почты 📧⠀
•Стоимость онлайна 300₽ , после МК Робот 🤖 будет стоить 400₽.⠀⠀
⠀
Успей выгодно приобрести ⚖️ Заявки на участие принимаю ещё два дня, включительно до 15.05 🤗⠀
⠀
#яна_онлайнмк";1557845168;419;4621476342;False;мастерклассвязание
BxcoKJLgt6l;"Привет!

Мода не стоит на месте, появляются новые игрушки и пропадают, но мишки это классика, которая никогда не исчезнет 🤗
⠀
мишка может стать первой игрушкой у малыша🐣 какие чудесные фотосессия проводят сейчас для новорождённых крошек, как мило смотрятся такие игрушки в крохотных ручках😍
⠀
Мишку может подарить влюблённый молодой человек своей подруге 👩‍❤️‍👨в знак внимания или в дополнение к основному подарку💖(даже у меня есть такой белый плюшевый медведь - муж на др много лет назад дарил😁)
⠀
Мишке обрадуется девушка абсолютно любого возраста!!!(такой медведь у меня есть от коллег 👩‍🏫)
⠀
Мишутка это не только игрушка - это память о том человеке, который его подарил... Эмоции...🤗
⠀
А у вас есть памятные
 мишки?)
⠀
На фото🐻
Милый мишутка
Связан из очень приятного полухлопока
Ростик 15 см
Лапки на нитяном креплении, может сидеть
⠀
Повтор возможен в любом цвете
Цена 500 рублей плюс почтовые расходы
Для заказа напишите в директ👌
Всем теплааааа😘";1557846252;76;6007536952;False;мастерклассвязание
BxcrIw9AQ0J;"Спешу сообщить о том, что мастер-класс по корзинке Лиса готов! Спасибо что дождались и что смотивировали меня его закончить. Иначе бы лень во мне победила 😂
⠀
В честь этого я хочу устроить небольшую лотерею💥.
⠀
Будет 16 номерков по 50 рублей. В качестве лотов - 2 мастер-класса «Лиса».
⠀
Условия участия:
🔆Выбрать 1 или несколько номеров от 1 до 16
🔆Написать номера в комментариях под этим постом
🔆Я пришлю вам информацию для оплаты (оплата переводом на карту Сбербанк или Тиньков)
🔆После оплаты я добавлю вас с вашим номером в тело поста
⠀
🌱Розыгрыш будет проводиться после выкупа всех номеров в прямом эфире, эфир обязательно сохраню.
🌱Победителей выберет сервис https://randstuff.ru
⠀
🔆после розыгрыша я вышлю победителям мастер-класс «Лиса» на электронную почту.
⠀
Если вам понравится такой формат, и все пройдет активно, то в следующий раз можем провести лотерею с готовыми изделиями. И вообще, может, даже и почаще буду такое устраивать😉
⠀
Выкуплены:
@katya_maleeva - 7, 11
@elena_hamcanovska - 1
@a_nefedova - 16
@belova.polina - 13
@field.dandelion - 2, 3, 9, 12
@l_ely_a - 5, 10, 15
@olka803 - 6, 8
@nadyshka_sudnik - 14
@ninaiv20 - 4";1557847814;96;7973390909;False;мастерклассвязание
BxcwxjeAqCd;"Есть желающие протестировать джемпер у замечательного мастера @anna_blank_knitting?😉
Это будет универсальный мастер-класс! Можно связать топ (как на фото), джемпер, укорочённый джемпер и футболку.
.
Оставляйте комментарии под этим постом, в Директ писать не надо 😉🌷 Но прежде прочитайте, что именно нужно:
⭐️ Красиво оформленный, вязальный профиль! Обязательно открытый!
⭐️ Наличие свободного времени и желание поработать в дружной компании 😉
⭐️ Наличие пряжи/материалов или возможность приобрести их в кратчайшие сроки‼️
⭐️ Ответственность ‼️
⭐️ Итоговое фото в раскладке и на модели‼️
⭐️ На вязание будет отведено 10-14 дней.
⭐️ Пряжа 50гр/124м. . В оригинале Sandes Garn Duo. Аналог Nako calico или любая другая пряжа подходящая по плотности 17,5 п на 25,5 рядов.
⭐️ Размеры XS, S, M, L.
⭐️ Указывайте какой размер хотели бы связать и наличие пряжи ‼️😉
⭐️ Стартуем в пт/сб.
@anna_blank_knitting
 @anna_blank_knitting
@anna_blank_knitting";1557850769;947;4362250847;False;мастерклассвязание
BxcyCRJB0vB;"Мастер-класс от @anastasiya.samartseva.

Соединение двух частей круглой сумки.

Добавляйте в закладки.🚩
.
Легкого вязания! И не забывайте ставить лайки - вам не сложно, а мне приятно!😉
#moykruchok_видеомк";1557851516;1682;4437745421;True;мастерклассвязание
BxcyPDzg1Xz;"Такой малыш связался у меня впервые, 7 см всего. Немножко недовольный, может просто он хотел белочкой стать. Но все равно такой милый, из рук выпускать не хочется!

Автор этого мк @tanatka_toys, чье описание я протестировала. Натусь, спасибо тебе за зайку и доверие!

Связан из кид мохера, тонировка масляными красками.";1557851535;715;5499403698;False;мастерклассвязание
Bxe4rpxgL0k;"Мк ""Лама"" от @anjoy_toy. 1 этап😉
#схемавязания #вяжемигрушки #вязанаялама #вязаниекрючком #амигурумимастеркласс #мквязание #мастерклассповязанию #мастерклассвязание";1557922024;209;3185081216;False;мастерклассвязание
BxeG2KqCzZ8;"Вязальные приметы⠀
⠀
А вы знали,  что оказывается помимо приметы - беременной вязать нельзя, так как ребенок в пуповине запутается - есть еще интересные приметы 🤫⠀
⠀
Вот,  например,  на вязальщицу нельзя навести порчу. 🤫 Так как ее оберегают спицы! 🤫 Так что наш инструмент сильная штука!  Берегите их! 🤗⠀
⠀
А вот еще такая - нельзя ложить вязание на диван,  обязательно будет недовяз... 🤭 Ах,  вот оно в чем дело, а я то думаю... 😀⠀
⠀
Любая шапка,  связанная с любовью - избавит от головных болей 🤔 А шарф для любимого - ""привяжет"" к вам его на всю жизнь 😏⠀
⠀
Есть еще множество различных примет, но мне они показались совсем бредовыми 🙄 ⠀
⠀
Но я и эти то не верю. 😋 Но звучат они мило и интересно 😊 ⠀
⠀
Может у кого-то из вас сбывалась хоть одна? 😏 Вы вообще верите в приметы или у вас своя какая-то появилась? 🤔";1557895896;140;4061669889;False;мастерклассвязание
BxeIvyNiWct;"❗Самая низкая цена сейчас❗🌿
Мастер-класс по джемперу с авторским узором, которого нет нигде в Мире!🔥 Всего 390 руб!!! Ты получаешь МК  в формате PDF. Джемпер вяжется просто на любой размер, в том числе на ребенка☝️.
🌺 Удобная схема с цветовым выделением и расшифровкой условных обозначений.
🌺Пошаговые фото и видео помогут быстро понять сложные моменты.
🌺В МК подробно разъяснено как связать росток и подрезы. С ними Ваш джемпер сядет идеально!👌
🌺Расчет на любой размер без привязки к плотности.
🌺Даны рекомендации по пряже и инструментам.
🌺При возникновении любых вопросов можно написать мне лично😊. 🎯Всего 3 дня цена 390 руб. по 17 мая включительно!
💳оплата на карту Сбербанка, PAYPAL.
МК высылаю на почту сразу после оплаты.🌿
Пиши в комментариях или директ: ""Хочу мк""))";1557896892;455;4880153890;False;мастерклассвязание
BxeMEFDBBa5;"Лето, ах лето, лето красное будь со мной...⠀ ⠀
Небольшой тест. Если вы пропели эту строчку голосом Аллы Пугачевой, то вы просто давно не смотрели мультик “Возвращение блудного попугая”, где эту песню исполнял Кеша. Очень хороший мультик, кстати. Прээлэстный (с)⠀
⠀
Так, так, так, мы к чему про лето то начали. Скоро оно, дорогое наше, ворвется в наши города и веси. ☀🌾👙🌊⠀
⠀
А мы что. Мы готовы! И вас сейчас подготовим! Нужен новый купальник? Пожалуйста! Шляпка? Да забирай! Эспадрильи? Ой, и не благодарите! А ещё сумочки, балетки и новые кардиганы 👌🏼⠀ ⠀
Все эти вещи вы сможете успеть связать к началу сезона! 🤗⠀ ⠀
Очень скоро эти мастер-классы появятся у нас в новинках. Будем держать вас в курсе!👌";1557898631;241;4243581788;False;мастерклассвязание
BxeOHpSgpKG;"В чём польза описаний?!
⠀
Готовые протестированные описания экономят Ваше время!
⠀
А время, между прочим, невосполнимый ресурс.
⠀
Купив Описание Свитера «TULIP», Вы просто вяжете образец, подгоняя свою плотность под указанную в Описании, и дальше уже вяжете свитер.
⠀
Не нужно рассчитывать петли, ряды, убавки. Всё рассчитано и проверено!
⠀
Кстати, если Вы не попадаете в плотность со своей пряжей, не спешите расстраиваться и менять пряжу, попробуйте просто поменять размер спиц.
⠀
Описание подготовлено для 3-х размеров: XS, S, M, L и сопровождается видео с подробным объяснением по схеме узора.
⠀
И напоминаю, что сегодня последний день, когда Вы можете купить Описание «Свитер Tulip» всего за 300 рублей.
⠀
На фото - работа Анны @anna_kyrmel а рамках теста #свитер_tulip";1557899709;225;1501643060;False;мастерклассвязание
BxeOuZECFY9;"💙Спасибо автору этой крутой авоськи @elenkino_delo за бесплатное описание!💙
.

Для вязания вам понадобится:
.

1⃣пасма хлопкового или полиэфирного шнура.
.

2⃣крючок #9
.

3⃣хорошее настроение😉
.

Ну и вперёд,листайте карусель➡ 
Сохраняйте в закладки и делитесь с подружками🌿 И нам лайки, если не трудно!💙💙💙";1557900026;383;6164542339;False;мастерклассвязание
BxeQ9IBI1qJ;"🔥СКИДКИ🔥
350 вместо 500!!!
Давайте поможем друг другу !
@lavka_vyazani_dom вам скидку на мастер класс, а вы можете мне сделать так, что бы эту публикации увидило максимальное количество человек.
Просто отправте эту публикацию к себе в сторис, отметьте мой аккаунт @lavka_vyazani_dom и получите скидку!!! Акция действует до пятницы ! Участвуют любые мои мастер-классы. Все можете посмотреть по #мк_от_лавки  Напоминаю, что мои мастер классы это видео уроки, сохранены они в закрытых группах инстаграмм. Доступ без ограничения. Подходят даже для начинающих. Так же в ходе работы консультирую. Обычно мне присылают фото и мы разбираем!
 Доведу Вас до готового изделия 👍

#сделайсам #вяжутнетолькобабушки #мквязаниеспицами #учувязать #мквязание #явяжу #люблювязать #вяжемшапку #описание #вяжемсвитер #вяжемвместе #вяжукрючком #мквидео #видеовязание #крючок #спицы #уроквязанияспицы  #схемаспицами
 #пуф #пуфик  #трикотажнаяпряжа #вязаныйпуф #вязанаякорзинка #мастерклассвязание  #новогоднийдекор #хлопковыйшнур #тпряжа #мастерклассвязание #сделайсама #декорсвоимируками";1557901196;214;4863220940;False;мастерклассвязание
BxeQjfRnwx6;"🔥СКИДКИ🔥
350 вместо 500!!!
Давайте поможем друг другу !
@lavka_vyazani_dom вам скидку на мастер класс, а вы можете мне сделать так, что бы эту публикации увидило максимальное количество человек.
Просто отправте эту публикацию к себе в сторис, отметьте мой аккаунт @lavka_vyazani_dom и получите скидку!!! Акция действует до пятницы ! Участвуют любые мои мастер-классы. Все можете посмотреть по #мк_от_лавки  Напоминаю, что мои мастер классы это видео уроки, сохранены они в закрытых группах инстаграмм. Доступ без ограничения. Подходят даже для начинающих. Так же в ходе работы консультирую. Обычно мне присылают фото и мы разбираем!
 Доведу Вас до готового изделия 👍

#сделайсам #вяжутнетолькобабушки #мквязаниеспицами #учувязать #мквязание #явяжу #люблювязать #вяжемшапку #описание #вяжемсвитер #вяжемвместе #вяжукрючком #мквидео #видеовязание #крючок #спицы #уроквязанияспицы  #схемаспицами
 #пуф #пуфик  #трикотажнаяпряжа #вязаныйпуф #вязанаякорзинка #мастерклассвязание  #новогоднийдекор #хлопковыйшнур #тпряжа #мастерклассвязание #сделайсама #декорсвоимируками";1557900986;258;4637532653;False;мастерклассвязание
BxeX63ggjCG;"Hola amigos 🤠!⠀
Потрясающая новость! Еще одно пополнение рубрики #полезности_bewooly 🥳 - бесплатная схема вязания кактуса 🌵 - ждет вас в карусели.
⠀
Ну что, поехали? Тогда одевайте сомбреро, пейте мохито 🍹 и с удовольствием вяжите колючий символ Мексики 🤗. Буду рада увидеть ваши работы под тегом #cactus_bewooly 🙌🏻.
⠀
И напоследок, условные обозначения:⠀
✳️ ВП – воздушная петля;⠀
✳️ СБН – столбик без накида;⠀
✳️ Убавка – 2 СБН вместе.";1557904847;302;4918368430;False;мастерклассвязание
BxeZdP7C4DE;"РОЗЫГРЫШ МК 🦄
.
Всем привет)) МК по единорогу готов! 
И в связи с этм радостным событием я решила его разыграть!

Условия очень просты:
🌸Быть подписаным на меня
🌸Ставим лайк этому посту и сообщаем в коментариях об участии
🌸Сделать репост (или скрин) этой записи себе в ленту с текстом в описании: Розыгрыш МК у @barabatik_toys

Важно! Для участия - ваш аккаунт должен быть открыт!
.
Розыгрыш состоится в прямом эфире уже в эту пятницу в 12.00 по московскому времени,  с помощью генератора случайных чисел.";1557905653;40;8331599342;False;мастерклассвязание
Bxeg_g7o6RN;Постер для любимого мужа и папочки😍;1557909604;29;8674496049;False;мастерклассвязание
BxekTcGANUN;"Посмотрите, какая милая корзинка получилась у девушки @violetta_schukina, которая впервые взяла в руки крючок и связала эту крошку по моему мастер-классу! А как классно и винтажно она смотрится в тандеме с орхидеей в скандинавском интерьере😍

Ещё раз убеждаюсь, что по моему МК вы можете связать корзину любого размера: от самой маленькой до огромной для игрушек или белья, например.

А на втором фото очень полезный и подробный отзыв от Виолетты о видео МК для всех сомневающихся, листайте карусель👉

За фото и отзыв большое спасибо @violetta_schukina ❤️
_______________
Стоимость мастер-класса в формате видео по вязанию корзины из джута 350 руб.";1557911340;202;7592198387;False;мастерклассвязание
Bxel072il5N;"Бесплатное описание двойной шапки бини из пуха норки от мастера @marina_zolotyx 🔥🔥🔥
.
Для того чтобы связать такую шапку  на Ог 56-58 вам потребуется  80г пряжи пух норки (350м на 50г), спицы 3мм и 3,5мм ( с леской 40 см) и 3,5 ( с леской 80 см или чулочные) для закрытия  макушки. А также немножко терпения, шапка вяжется не так быстро, как хотелось бы, но это того стоит) 😉
.
Плотность вязания лицевой гладью после ВТО 24*30, спицы номер 3.5
.
Набираем крючком воздушную цепочку контрастной нитью 108, затем берём основную нить и поднимаем также 108 петель( спицы номер 3). ( видео в карусели)
.
Дальше вяжем по кругу 16 рядов, потом берём спицы 3.5 и провязываем ещё 44 ряда ( в сумме до убавок 60 рядов)
.
Макушку убавляем разделив её на четыре части, т.е. по 27 петель. 
Обратите внимание на частоту убавок ❗❗❗ Благодаря этому макушка получается немного вытянутая, мне так больше нравится! Вы можете убавлять через ряд, тогда получится стандартная круглая)
.
💫1ряд. *1лиц , 2 вместе лицевой с наклоном вправо,22 петли лицевой, 2 вместе с наклоном влево*, повторить * ещё 3 раза.( Как делать убавки можно посмотреть видео в карусели)
💫2, 3 ряд. Вяжем без убавок лицевыми петлями
💫 Повторяем 1-3 ряд ещё 2 раза( соответсвенно кол-во петель между убавками сокращается)
Далее убавляем через ряд, пока на спицах не останется 12 петель, отрезаем нить, стягиваем макушку.
.
Распускаем бросовую нить, переснимаем на спицы номер 3, вяжем первый ряд новым цветом.
2 ряд. Чтобы переход цвета был незаметным, провязываем 1 лиц, вторую снимаем( нить за работой), продолжаем вязать лицевыми до конца ряда. С 3 ряда повторяем точно такую же шапку.
.
Прячем кончики, делаем ВТО, сушим на горизонтальной поверхности .
.
Приятного вязания!🧶
.";1557912139;3292;4796792842;False;мастерклассвязание
Bxel99jCfJP;"Описание вязания детского укороченного кардигана спицами или крючком от @raduga.toys

Благодаря описанию вы научитесь:
☑️рассчитывать количество петель для своей плотности вязания
☑️вязать и рассчитывать росток
☑️вязать укороченные ряды без дырочек
☑️получите таблицу детских размеров по возрасту ребёнка ☑️научитесь вязать капюшон

Описание в pdf файле с фото процесса вы получите в виде ссылки на гугл диск сразу после оплаты💸 Поддержка автора в процессе вязания гарантирована😊

Оплата на карту приватбанка для Украины (для России возможен перевод денег с помощью сервиса pay send). Стоимость описания до 01.06 150 грн (390 руб). После 01.06 цена 200 грн (520 руб). По всем вопросам пишите в direct @raduga.toys";1557912213;395;4796792842;False;мастерклассвязание
BxeoY9RiwqS;"ДВОЙНАЯ БЕЙКА ПО ВЫРЕЗУ ГОРЛОВИНЫ.
.
Repost @sopot_knit
by media.repost:
Как я вязала горловину.
⠀
Скажу сразу, это не высший пилотаж среди возможных вариантов. Но он простой, аккуратный и он мне нравится.

Этот вариант подходит при вязании реглана сверху. ⠀
Итак.
🔹️Набираем петли открытым набором. Забыли как? Идем по ленте ниже и смотрим публикацию, которая так и называется: временный набор петель.
🔹️ВАЖНО! набирать петли из цепочки начинаем с  там, где мы сделали последнюю воздушную петлю. 🔹️вяжем  примерно 3-4 см лицевой гладью. В зависимости от того, какой высоты будет горловина. Можно рассчитать так: высота горловины умножить на 2. Я провязала 3 см.
🔹️одновременно распуская временный набор, соединяем петли со спицы с петлями набора (листаем вправо😀)
🔹️ следующий  1 ряд- изнаночный.
🔹️далее вяжем нужным нам узором. В моем случае- это лицевая гладь. ⠀Вырез готов.
----------------------------
КАК СДЕЛАТЬ ОКРУГЛУЮ ГОРЛОВИНУ
.
Полезно всем, но особенно! Для тех, у кого трудности  с внешним видом горловины при вязании регланом сверху.
Бывает такое, что хочется округлую, но она получается прямой. Или впереди складки под горлом. Часто кстати вижу такие.
⠀
Даже если свитер с высоким горлом, все равно нужен небольшой вырез.
⠀
А дело в том, что росток это хорошо. И о нем очень много роликов снято. Но почему то все останавливаются на том месте, где нужно формировать переднюю часть горловины.🤨 как бы ""само собой разумеется...."" Но если вяжешь это впервые, то оно ""не разумеется""🤣
⠀
Все рассчеты в видео для примера. Хотя, такой вариант вполне имеет место быть на практике.
В свитере, который я вязала и показала на видео высота горловины примерно 3 см. Я имею ввиду разницу между той частью, где передняя регланная линия (то есть вверху выреза) и самой низкой частью переднего выреза. Но не разница между задом и передом. Там еще плюс росток, поэтому больше. ⠀
Теперь можно смотреть😁 видео 🎥в карусели.
⠀
Надеюсь, я не сильно запутала Вас☺
Если вы еще не вникали в тему реглана сверху, то просто сохраните. Потом пригодится😉";1557913482;3128;4796792842;False;мастерклассвязание
BxesSiOgBwp;"Кролики такие кролики 🐰
.
Нравится вязаная миниатюра, но боитесь, что у Вас не получится?
.
Мастер-класс в формате PDF по вязанию крошечного (около 7 см) Крольчонка крючком содержит:
.
📌подробное описание от первой до последней петельки;
.
📌фото процессов;
.
📌рекомендации по подбору материалов и использованию инструментов;
.
📌схемы оформления, утяжек и сборки;
.
📌советы по тонировке.
.
Сложность вязания игрушки – средняя.
Данный мастер класс не является
обучающим материалом, необходимы
умения и навыки вязания крючком.
.
Если у Вас возникнут вопросы в процессе создания игрушки, можно написать мне в директ – отвечаю 💯%
.
Во время тестирования ни один кролик серьезно не пострадал, справились даже новички! 🐇 (фото в карусели) ☝️
.
Стоимость МК 350р. (по вопросам приобретения – в директ) ✍
.
А в РукоДоДельном марафоне вы можете выиграть этот мастер-класс, принимая участие в розыгрыше призов. 🎁
.
Стать участником ещё не поздно – подробности в предыдущих постах!
@rukododelniymarafon";1557915527;95;7190234914;False;мастерклассвязание
BxeuWMVikW5;"❗Стоп❗
Розыгрыш состоялся!
Видео можно посмотреть в сториз.
.
Победители:
@olesia_sayutkina
@lida.antipova.2018
@sergeeva_july
@ga.lina7079

Поздравляю!!!🎉🎉🎉
____________

Вас 2000!
⠀
Кажется, что совсем недавно было всего 300 подписчиков.
⠀
Спасибо за поддержку лайками и комментариями!🤗
⠀
В честь этого события объявляю розыгрыш моих мастер-классов!
⠀
Условия простые:
1⃣Быть моим подписчиком;
2⃣Поставить ❤ этому посту;
3⃣Сделать репост этой записи у себя в сториз с упоминанием моего профиля @badmaeva_toys

4⃣Написать в комментарии к этому посту, какой мк хотели бы выиграть?
-МК по Карамельке
-МК по Кошечке Китти
-МК по Коровке Тини лав
-МК по Собачке Тини лав
.
*1 участник - 1 комментарий
.
Выберу 4-х победителей завтра с помощью генератора случайных чисел в 14:00 ч.
Удачи💞";1557916605;239;5435069586;False;мастерклассвязание
Bxexb5LCYPW;"Ох, полечили сегодня зубы младшей😬
 Так как, удалять нерв пришлось экстренно, то неделю назад делали просто держав.... Теперь же записались на закись азота, чтобы полегче перенесла пломбировка канала уже постоянной пломбой.
 И что вы думаете? Не взяло, блин..... Вырывалась и брыкалась так же, потом правда удалось немного уговорить не буянить, за двух LOL🙈 и кучей уверений, что больно больше не будет.  Вы так же лечите зубы? Старшая моя, гораздо раньше смирилась и сидела смирно, а вот мелкая это ух😅
 Ну а для вас смотрите какой узорчик нашла интересный🤗
 За видео спасибо @croche_melhores_graficos";1557918261;108;6174507722;True;мастерклассвязание
BxfPE7liVpQ;"Узор ""летучая мышь"" 🦇
.  Схема узора:
.

В схеме указаны лицевые (нечетные ряды-вяжем справа налево) и изнаночные ( четные ряды- вяжем слева направо).
.

Раппорт узора 14 петель в ширину . Начинаем с 1-ой петли перед раппортом, заканчиваем 14 петель после раппорта. В высоту вяжем с 1-го по 18 ряд, затем с 3-го по 18 ряд.
. 
Условные обозначения к схеме:
. 
ПУСТАЯ КЛЕТОЧКА -лицевая (в лицевых-лицевая, в изнаночных- изнаночная)
.

Две лицевые провязать вместе лицевой с наклоном вправо ( Спицу ввести во 2-ю петлю и 1-ю петлю, начиная со второй и провязать их вместе.)
.

Две лицевые провязать вместе с наклоном влево (Первую петлю снять как при лицевом вязании, 2-ю петлю провязать лицевой и протянуть через неё снятую петлю)
.

накид
.  1 петлю снять как лицевую не провязывая, рабочая нить перед работой.
.  правой спицей подхватить протяжки из предыдущих рядов , одеть на левую спицу и провязать их вместе со следующей петлей лицевой: примерно так
. 
только и у нас 4 протяжки и 3 петли вместо 5-ти, но принцип я думаю, понятен.
. 👝
. ❤️❤️❤️";1557933766;841;6164542339;False;мастерклассвязание
BxfUIvPicn6;"Фешн из май профэшн.💃👠⠀
⠀
Вы смотрите показы именитых дизайнеров? Не возникает ли у вас к ним вопросов? Зачем это перо, или почему шорты поверх шубы?😂⠀
⠀
Ну ладно, они художники, они так видят.. У них своя атмосфера, им можно.🙈⠀
⠀
Но, на последних показах мы увидели что-то такое родное и знакомое! Вязаные сумки! Такие модели сейчас на пике моды.⠀
⠀
Вязанные сумки стали настоящим хитом. На прошедших показах, они, главным образом, демонстрировались  в форме хобо, туотов и бесформенных рюкзаков. По цветам дизайнеры дают нам волю на буйство красок. Это мугут быть самы оригинальные сочетания. Но в обычно жизни лучше придерживаться правил цветового круга.⠀
⠀
Также дизайнеры  дополняют свои оригинальные вязанные сумки различными вставками. Например, это может быть натуральная кожа или мех. ⠀
⠀
А еще, можно использовать интересные ручки- деревянные или, например, огромне пластмассовые цепи.⠀ ⠀
Вы готовы быть на пике моды в этом сезоне благодаря вязаным сумочкам?😻 Мы сделали небольшую подборку из вязаных сумок этого сезона, нам интересно ваше  мнение👀";1557936418;229;4243581788;False;мастерклассвязание
BxfWBgxiz6D;"Лето будет! Я верю 😁
Топ есть, майка в планах, и даже шляпу я связала - осталось дождаться жары 😁
⠀
Теперь я знаю что такое регилин и термоусадочная трубка, а работники близлежащих строительных и хозяйственных магазинов - что я вяжу шляпу 🤣
⠀
Хотите тоже разобраться как связать такую шляпу - рекомендую МК #мкшляпа_bambino Натальи @time_knitting 😊
И если назовёте Наталье код SAPELKINA - получите скидку 30% на этот МК (действует до 20 мая включительно) 😉
⠀
Давайте дружно вязать шляпы и призывать лето?😍
————————————————————
На фото: шляпа из рафии, украшена хлопковой лентой.
Размер: 55-57 см.
Состав: 100% целлюлоза.
Сезон: лето.
⠀
🛒Готовая 1700₽.
🧶На заказ от 2000₽.
⠀
✔️Разные варианты декора.
✔️Много красивых цветов.
⠀
Для заказа пишите в Direct или мессенджеры +79220479820 (готовность - конец мая).
————————————————————
Все мои вязаные работы по тегу #sapelkina_knitting
⠀
Шляпы #sapelkina_шляпы
————————————————————
#вяжутнетолькобабушки #вяжутнетолькобабушкиноимамочки #вязаниеспицами #вязаниекрючком #панамакрючком #шляпакрючком #вязанаяшляпа #летняяшляпа #соломеннаяшляпа #шляпаизрафии #пляжнаяшляпа #шляпаотсолнца #описаниевязания #мастерклассвязание #вязаниедляновичков #шляпаназаказ #шляпаручнойработы #детскаяшляпа  #вязаниедлядетей #вязаниедетям #стильныедети #модныедетки #вяжунемогуостановиться  #мкшляпа #вязаниеназаказ #crochet #knittinginspiration";1557937408;684;7824436614;False;мастерклассвязание
BxfZFVzgQPz;"Спасибо за урок в копилочку от  @ala_tatyana

#трикотажнаяпряжа #вязаниеназаказ #вязание #вяжутнетолькобабушки #вяжуназаказ #knit #knitting #knittinglove #hadmade #handknit #вязаныесумки #сумкиизтрикотажнойпряжи #трикотажнаяпряжаяростов #радуга_вязания #уроквкопилочку #уроквязания #сумкакрючком #мастеркласс #мастерклассвязание";1557939012;327;4009313291;False;мастерклассвязание
BxfZetfg5cF;"Наверно это Любовь ❤️... ⠀
Вязание 🧶 для меня это кайф🙌
⠀
⠀А, что вязание для тебя? Опиши двумя словами, первое что приходит на ум🤩
⠀
⠀
➰➰➰➰➰➰
МК для моего белого красавца #свитер_Пробуждение 🌿 доступен, подробности в Директ😉
⠀
⠀
#будьсобой #люблювязать #модноевязание #вяжутнетолькобабушки #вяжуназаказ #вяжу #вязаниеспицами #вязание #гне72 #делайчтонравится #свитер #свитердетский #мкспицами #мкспицы #мквязание #мастерклассвязание #мксвитер #здесьисейчас #_мой_май";1557939220;396;1460916659;False;мастерклассвязание
BxfeiikivBI;"🦏 Надо ли одевать зверей?
.
.
Большинство моих игрушек были не одеты, это же звери думала я😂
.
Но вот эта бегемоша просила ее одеть, и очень стеснялась фотографироваться голышом🙈
.
🙌Теперь мне чешутся руки всех своих зверят одеть.. они все таки еще и игрушки, которых деткам будет интересно переодевать
.
Как думаете?
.
.
Цена 33 BYN/ 1500 RUB
.
По всем вопросам пишите в директ или на любой мессенджер +375291202206, или перейдя по ссылке в шапке профиля
.
Бегемоша связана по МК @sami_kryuchkami спасибо Маша😘";1557941872;187;8296196519;False;мастерклассвязание
Bxffqw_AJ7o;"Готова!
⠀
Изначально, когда я задумала связать эту малышку, я хотела сделать ей розовые волосики.
⠀
Потом захотелось связать фиолетовое платье и к нему не подошли эти самые розовые волосы, получилась яркая блондинка.
⠀
Вспомнила, что у меня теперь есть тонюсенький 0,5 мм крючок и мне захотелось попробовать связать им цветочки, которые идеально подошли к этой малышке и в итоге само-собой как-то сложился образ Рапунцель (где в конце мультика ей заплели косу с цветами💐)
⠀
Вот так родилось это милое чудо☺️ я ее уже обожаю 🥰
⠀
————————
Рапунцель пока свободна
Готова отправиться в новый 🏠 за 3500₽/60$, доставка в подарок 🎁
————————";1557942464;178;3266507538;False;мастерклассвязание
BxffxRxC7Hz;"Узор ждете?😉Ловите!
⠀
Не забывайте про лайк❤ и сохранение🏴
⠀
Благодарим в комментариях Катюшу @shoddi_knit за узор🙇‍♀️
⠀
ОПИСАНИЕ:
Для узора необходимо набирать нечетное количество петель;
Узор состоит из чередования полустолбиков и полустолбиков с накидом;
Начинаем и заканчиваем все ряды с полустолбика;
Всегда вяжем за заднюю стенку косички.
На видео полиэфирный шнур Клевер от @fomka_knit.by
Крючок 4";1557942517;1002;5315004841;False;мастерклассвязание
Bxfp9HFg2U1;"Голосуй за цвет пряжи!
Я свяжу слонёнку комбинезон и оформлю его МК!!! Кто угадал Слона, получат МК в 🎁
Кто участвовал - скидка 50 % (промокод 50)! Свой вариант пиши в комментариях ⬇️ Цвета сверху вниз справа: 
1-зелёный;
2-белый;
3-розовый;
4-коричневый;
5-светло-коричневый;
6-голубой;
7-персик!";1557947857;54;12535966931;False;мастерклассвязание
Bxg3q_MBqFQ;"#Repost @lavka_vyazani_dom (@get_repost)
・・・
🔥СКИДКИ🔥
350 вместо 500!!!
Давайте поможем друг другу !
Я вам скидку на мастер класс, а вы можете мне сделать так, что бы эту публикации увидило максимальное количество человек.
Просто отправте эту публикацию к себе в сторис, отметьте мой аккаунт и получите скидку!!! Акция действует до пятницы ! Участвуют любые мои мастер-классы. Все можете посмотреть по #мк_от_лавки  Напоминаю, что мои мастер классы это видео уроки, сохранены они в закрытых группах инстаграмм. Доступ без ограничения. Подходят даже для начинающих. Так же в ходе работы консультирую. Обычно мне присылают фото и мы разбираем!
 Доведу Вас до готового изделия 👍
Кому??)) P.S как добавить публикацию к себе и отметить меня можете посмотреть в моем сторис 
#сделайсам #вяжутнетолькобабушки #мквязаниеспицами #учувязать #мквязание #явяжу #люблювязать #вяжемшапку #описание #вяжемсвитер #вяжемвместе #вяжукрючком #мквидео #видеовязание #крючок #спицы #уроквязанияспицы  #схемаспицами
 #пуф #пуфик  #трикотажнаяпряжа #вязаныйпуф #вязанаякорзинка #мастерклассвязание  #новогоднийдекор #хлопковыйшнур #тпряжа #мастерклассвязание";1557988603;21;9656443877;False;мастерклассвязание
Bxg5lxyi-xt;"Маленький пушистик в яркой шапочке ❤️ невероятно нежный и тискательный. ⠀
⠀
Глазки на безопасном креплении. 1200 руб и доставка 🚚 по тарифам Почты России.
⠀
⠀ 📩 Direct
☎️ WA/Viber
+79065804246
____________________
Связан по МК @_little_owlet_";1557989609;50;4019171924;False;мастерклассвязание
Bxg6mdNiPif;"Доброе утро!☕ Ждали МК шапочки от @mamabelochki1 ? Он готов🌞
.
.
МК содержит:
.
8 страниц со схемами и словесным описанием рядов
.
видео каждого ряда!!!
.
.
Расчет для 3 размеров.
.

Свяжут и новички😘❤
.
.
Цена в течении недели всего 200 рос.рублей🔥🔥🔥оплата на карты сбербанка России и карты банков Беларуси💸
.
.
А для тех, кто не вяжет, шапочка в наличии #мамабелочки_вналичии .
.
#шапочка_нежность
#совместноевязание 
#мастерклассповязанию 
#мастерклассвязание 
#вяжемшапку 
#описаниевязание 
#ажурнаяшапочка 
#летняяпряжа 
#летняяшапка 
#вяжемдетскуюшапку 
#описаниешапки 
#шапкабеларусь 
#вяжубеларусь 
#вязаниемогилев 
#вязаниеминск 
#мастеравязания 
#армиявязальщиц 
#армия_вязальщиц";1557990139;257;4757431349;False;мастерклассвязание
Bxg_smJgWN5;"С зайчиками пока не могу остановиться. Вот такие смешнульки связались! Малыши по 12-14 см сидя с ушками.

Могут стать питомцами для кукол Blythe.

Завтра будет готов МК и два денёчка на него будет большая скидка!";1557992811;561;5499403698;False;мастерклассвязание
BxgbcmUAAHz;"Ставьте лайк ❤️💚💛
Мои авторские видео мастер классы по вязанию изделий из трикотажной пряжи доступны к покупке. Стоимость каждого мк 3000 тг/600 руб.
Все мк в видео формате. Пошаговая наглядная инструкция по вязанию изделий, прилагаются схемы в виде фото. В течение 2 недель после покупки мк вы можете консультироваться со мной по вопросам вязания изделия из мастер класса.
Для приобрететия мк пишите в директ.
Так же на сайте nitka.kz вы можете приобрести пряжу и фурнитуру для сумок.
#мастерклассвязание #вязаниемк #сумкамк #вязанаясумкамк #сумкакрючкоммк #крючкоммк #мастерклассвязанаясумка #вязанаясумочка #crochetpattern #crocheterapia #crochetbackpack #crochetbag #сумкашоппер #сумкасаквояж #вязаныйрбкзак #вязаныйклач #вязанаякроссбоди #сумкакроссбоди #вяжуизалтын #nitka_mk";1557973805;967;1678373593;False;мастерклассвязание
Bxguy-RAz5R;"Весна и лето - не повод зачехлить спицы. Многие мастера проводят несезон с пользой: продумывают ассортимент, закупают материал, вяжут на наличие, для себя и своих родных.
.
Именно для таких дальновидных рукодельниц Светлана @svetlana_konnova__ создала бесплатный МК на шапочку и снуд #комплект_snowball.
.
МК рассчитан для двух размеров 50-52 и 53-55 и на три варианта шапочки - без отворота, с отворотом, с подкладом и ушками.
.
Ссылку на бесплатное описание вы можете найти в актуальных сторис в профиле";1557983950;462;4362250847;False;мастерклассвязание
BxgyRQ-AEH0;"Автор @marivoka_knit

Как закрыть петли лицевой глади👍
⠀
⠀

#описаниеLHK 
#вяжутнетолькобабушки #вяжутнетолькобабушкиноимамочки  #вязаниеспицами  #вязанаяшапканазаказ #вязаныйснудназаказ  #снудспицами #шапкаспицами  #шапкатыковка #шапкарезинкой #простаяшапка #вязаниедетям #вязаниедлядетей #бесплатныймк #мастерклассвязание #обучениевязанию #школавязания #шапкабини #бесплатноеописание #описаниевязания #мкспицы #мастеркласс";1557985818;392;5985386802;True;мастерклассвязание
Bxgzs0ci6uA;"Вы заранее готовитесь к событиям, или делаете все в последний момент? Ну просто потому что не хотелось.😌 ⠀ ⠀
Эта проказница прокрастинация иногда так укутает в свои объятия, что забудешь вообще, что хотела сделать.😅 Лето красное пропела, оглянуться не успела, как говорится.. ⠀ ⠀
А бывает наоборот, так возьмешь себя в руки, так возьмешь, что за день успеешь столько всего переделать, а потом думаешь,- а что я откладывала вообще...😏🤔⠀ ⠀
Но у нас есть пример девочек, которые приготовились к летнему сезону заранее! Никакая прокрастинация их не брала! Потому что  они вступили в наши ряды тест группы и уже связали себе замечательный купальник. Быстро, легко! Там и времени не было на прокрастинацию. ⠀
Ведь лето на пороге, нужна обновка. ☀🌿👙⠀ ⠀
Смотрите результаты в карусели.  Что скажете? 😍 урок уже доступен на сайте! ⠀
⠀
А как обстоят дела у вас? Прокрастинируете? 🙈😁";1557986521;386;4243581788;False;мастерклассвязание
Bxh6drMIXbc;"Вязаные серьги😍

Очень необычно, как вам такая идея?)";1558023622;671;4201320411;False;мастерклассвязание
Bxh7nDjHjdw;"МК #чепчик_хризантема от @tanya_svazala
Описание содержит текстовый формат pdf на 30 страницах с подробнейшим описанием хода работ и около 20 минут видео, которое удобно разбито на 3-х 5-ти минутные ролики.
.
В описании даны 2 модели чепчика, размерный ряд на ОГ 35-36; 38-40; 42-44; 46-48 и 50-52
.
✔️Для работы понадобится 1 моточек (50 грамм) пряжи lana gatto super soft или пряжа подходящая по составу и метражу 120-130 м.х 50 гр. Для размера 50-52, возможно, потребуется чуть больше одного мотка
.
✔️Спицы носочные или на длинной леске 3.5-4 мм.
.
✔️Ножницы, большая булавка или бросовая нить, маркер, толстая игла
.
✔️Конечно же хорошее настроение 😉
.
Стоимость описания 350 рублей
Но ровно сутки с момента выхода этого поста вы сможете купить его всего за 250 рублей 👌
.
Для покупки МК  пишите автору 👉@tanya_svazala";1558024223;648;4362250847;False;мастерклассвязание
BxhBIH4AMrX;"Посмотрите какую милую мышку Люсю связала @miracle_knitted_toys и подарила всем описание! 😍🐀
#вязанаямышка #схемавязания #описаниевязания #вяжутнетолькобабушки #вязаниекрючком#связанослюбовью #мастерклассвязание #мастерклассповязанию #мкамигуруми";1557993561;435;3185081216;False;мастерклассвязание
BxhKiVlAWJD;"Описание «Свитер Tulip»🌷!
⠀ ⠀
🌷Описание подготовлено под пряжу Alize Merino Royal Fine, но Вы можете связать из любой пряжи, главное — попасть в указанную плотность.
⠀ ⠀
🌷Описание для трёх размеров: XS-S, M, L.
⠀ ⠀
🌷 В описание входит: текст, видео с пояснениями по узору, схемы, чертежи, фото.
⠀ ⠀
🌷И самое главное - Описание протестировано, значит, мы разобрали все неясные моменты и теперь Тюльпановый свитер может связать даже новичок. ⠀ ⠀
🌷Для покупки Описания пишите мне в комментариях или в директ. Цена: 400руб.
⠀
#свитер_tulip";1557998494;61;4974785391;False;мастерклассвязание
BxhMrq5C-HB;"Самый частый вопрос 🙂
⠀
Казалось бы, что может быть проще?!
⠀
А вот, самый частый вопрос: «почему Instagram объединяет абзацы и как разделить строки в шапке профиля?» 🤗
⠀
Все гениальное просто 🙃
⠀
Я пользуюсь специальным ботом в телеграмм @text4InstaBot
⠀
Набираете текст (либо непосредственно в окошке бота, либо заранее в «блокноте»), так, как Вы хотите его видеть и отравляете боту.
Происходит магия и текст будет тебе отправлен ответным сообщением, который нужно будет просто скопировать и вставить в Instagram 👍🏻
⠀
Круто, да? 🙃
⠀
Я пользовалась и скрытыми пробелами и специальными «решениями», которые находила в интернете, но тут все удобнее и бесплатно 😁
⠀
Есть вопросы? Пиши мне 😉";1557999619;37;8338673938;False;мастерклассвязание
BxhUBr0CPC5;"Описание пуловера регланом от Drops Design.
Размеры: S - M - L - XL - XXL - XXXL

Материалы: пряжа DROPS ESKIMO (100% шерсть, 50 г/50 м) 11-12-13-14-16-17 мотков цвета 85, спицы круговые 8 мм и 9 мм

Плотность вязания: 10 петель и 14 рядов = 10х10 см чулочной вязкой на спицах 9 мм.

Описание вязания

Кокетка

На спицы 8 мм набрать 56-58-60-64-64-68 п., выполнить 1 круг лиц.п., потом еще 4 см резинкой 1х1 (1 лиц.п., 1 изн.п.). Перейти на спицы 9 мм, в след. кругу вязать лиц.п., равномерно прибавив 0-2-4-0-0-4 п. = 56-56- 56-64-64-64 п. Теперь продолжить вязание по схеме таким образом: *поставить маркер тут, А.1 на первых 3-3-3-4-4-4 п., А.2 на след. 14 п., А.3 на след. 4-4-4-5-5-5 п.(спинка/перед), поставить маркер, А.1 на первых 3-3-3-4-4-4 п., А.3 на след. 4-4-4-5-5-5 п. (рукав), повторить от * еще раз. Продолжить вязание узором, выполняя прибавления по схеме, когда вязание дойдет до стрелки, на спицах будет 192-200-216-232-248-256 п. = 29-30-33- 35-37-39 см от наборного края. В след. кругу отложить на доп. спицы 41-43-47-51-55-57 п. рукавов, для подрезов набрать новые 4-4-6-6- 8-8 п. вместо них. Измерять длину деталей от подрезов!

Основная деталь = 118-122-134-142-154-158 п. Поставить по маркеру в центре петель подрезов, начать круг от одного из них.

Начать с круга со звездочкой для своего размера

Размеры S, M и L: *1-2-5 лиц.п., А.4 на след. 7 п., А.5 на след. 42 п., А.6 на след. 7 п., 2-3-6 лиц.п., повторить от * еще раз.

Для размеров XL, XXL и XXXL: *0-3-4 лиц.п., А.5 на след. 70 п. (5 раппортов по 14 п.), 1-4-5 лиц.п., повторить от * еще раз.

Продолжить вязание на высоту 19-20-19-19- 19-19 см, закончить после 5 или 13 круга схемы А.5. В след. кругу вязать лиц.п., равномерно прибавив 24-24-26-28-30-32 п. = 142-146-160-170-184-190 п. Перейти на спицы 8 мм, выполнить еще 4 см резинкой 1х1, закрыть петли по рисунку спицами 9 мм.

Продолжение в карусели↗️";1558003469;1396;4796792842;False;мастерклассвязание
BxhVc3kC4GN;"СТИЛЬНАЯ БЕЗРУКАВКА С ВЫСОКИМ ВОРОТНИКОМ🔥
⠀
⠀
⠀
#описаниеLHK 
#вяжутнетолькобабушки #вяжутнетолькобабушкиноимамочки  #вязаниеспицами  #вязанаяшапканазаказ #вязаныйснудназаказ  #снудспицами #шапкаспицами  #шапкатыковка #шапкарезинкой #простаяшапка #вязаниедетям #вязаниедлядетей #бесплатныймк #мастерклассвязание #обучениевязанию #школавязания #шапкабини #бесплатноеописание #описаниевязания #мкспицы #мастеркласс";1558004216;1760;4796792842;False;мастерклассвязание
BxhlKG2gT-K;"Текст намного проще воспринять, когда он поделён на небольшие абзацы.
⠀
К сожалению, в инстаграм это делать крайне не удобно, текст слипается и публикуется единым полотном🙈
⠀
🤔Для деления текста на абзацы в инсте есть несколько способов:
⠀
📎разделение строк точками (в месте между абзацами ставить «.»)
⠀
📎между абзацами в строке ставить тире
⠀
📎разделение абзацев смайликами
⠀
📎секретный пробел
⠀
📎а также бот в телеграмм (Text4instabot).
⠀
⠀
‼️хотите волшебный пробел себе?
⠀
Если да, то напишите мне «хочу пробел», и я пришлю его вам в direct.
⠀
Останется его просто скопировать и вставить в свой текст. Но не забывайте, что пробел до и после него необходимо удалить 🤗
⠀
.
.
.
#вязание #вязаниекрючком #инставязание #волшебныйпробел #обложкисториз #продвижениеаккаунта #продвижениеинстаграм #мастерклассвязание #логотип #своимируками #текстывинстаграм #урокивязания #шаблондляпостов #визиткиназаказ #логотипвязание #длярукодельниц #блогмамы ⠀";1558012451;453;2907683682;False;мастерклассвязание
BxhlT9HA8VB;"Вот такой классный кардиган вы сможете связать самостоятельно по МК от мастера Анжелики @timari.knits 👌
.
Чем хороши базовые модели? Они легко сочетаются с любым гардеробом и аксессуарами 🙌
.
Такой кардиган можно смело брать с собой в поездку и точно знать, что он будет вас согревать и выглядеть совершенно гармонично 🤗
.
👉 БЕЗ ШВОВ! Реглан сверху! Карманы накладные. Вам не придется сшивать детали и боятся, что пряжи может не хватить, потому что вы успеете закончить вязание до того, как закончится последний моточек 😉
.
👉 Размеры 40-42, 42-44, 44-46, 46-48, 48-50. То есть любителям одежды НЕ оверсайз найдутся подходящие расчеты 👌
.
👉 РЕКОМЕНДАЦИИ ПО ВЫБОРУ ПРЯЖИ
.
Подойдёт пряжа в виде шнурочка
.
Метраж 110-140 м/50г
🔸Например:
DROPS AIR
Mondial Sublime
Katia cotton merino
Троицкая Фиджи
Gazzal Rok-n-Roll
Мохер в несколько сложений ☝️ будет невесомое облачко 🥰
.
👉 БОНУС 🎁
В МК добавлены схемы узоров, которые БЕЗ ПЕРЕСЧЕТА ПЕТЕЛЬ можно использовать в вязании
.
👉 Формат самый удобный: *.pdf файл на 33 страницах + видео сопровождение
.
👉 По данному МК вы многому научитесь:
✔️Правильно вязать росток и подрезы
✔️Формировать красивые регланнве линии
✔️Набирать открытые петли
✔️Выполнять ложную кеттлёвку
✔️Закрывать петли полым шнуром I-CORD и крючком
✔️Вывязывать накладной карман.
.
👉 Стоимость данного МК до 17.05 включительно - 350, обычная цена 500. 
Оплата на карту Сбербанк или PayPal .
Пишите Анжелике непосредственно в директ @timari.knits и совсем скоро вы с удовольствием проведёте время за вязанием и получите в итоге любимую вещь, созданную собственными руками 🤗";1558012532;603;4362250847;False;мастерклассвязание
Bxhny2BgNno;"Очень быстро постаралась показать принцип вязания этого узора. В начале и в конце ряда по 2 столбика с 2мя накидами. Для подъема делаем 5ВП.  Второй ряд делается точно так же. Я, в целях экономии время сделала по 2 протяжки, НО чтобы звездочки были объемнее - можно делать по 3 протяжки в каждую петлю.
.
СХЕМУ ПОСТАРАЮСЬ В СКОРОМ ВРЕМЕНИ ОПУБЛИКОВАТЬ.";1558014241;3474;2954584392;True;мастерклассвязание
BxhytEJhbHr;"Вы любите себя баловать? ⠀
Косметолог, массаж, банька, да хоть просто масочку на лицо  нанести? 😍😌💅⠀
⠀
А по магазинам любите ходить? Купить себе новенькое платье, а к нему туфли, а к ним сумочку… Очнулись, а вы уже пол магазина скупили.😅 Но как приятно! Для себя же, для любимой! 💐❤⠀
⠀
А если нет в магазине того, что хочется? То фасон не тот, то цвет ни к лицу. 🙁⠀
⠀
Выход есть! Наши уроки! С нами вы вообще можете весь гардероб себе собрать. Оденем вас с головы до пят! В прямом смысле, ведь у нас есть и уроки по вязанию обуви, и по вязанию головных уборов.👍 А про ассортимент уроков одежды мы вообще молчим.⠀
⠀
Не верите? Проверьте! Переходите на наш сайт (он  указан в шапке профиля) и сами удостоверьтесь. После покупки урока, он будет доступен сразу в вашем личном кабинете. 😊";1558019553;132;4243581788;False;мастерклассвязание
BxiFGD2Ar4R;Узор очень простой и многим знаком. Здесь все столбики с одним накидом. Как начинать узор с 1го ряда - можно посмотреть на моем канале Ютуб.;1558029195;1038;2954584392;False;мастерклассвязание
BxiI41SAY8r;"Ловите видео по вязанию узора спицами от @kurganskaya_o
.
💖 Рапорт: 2 петли + кромочные (у меня по две с каждого края)
💖 Высота узора: 4 ряда
💖 Образец на первом видео связан из пряжи Gazzal Baby Wool в одну нить
💖 Пушистый образец связан из #пухнорки в одну нить.
.

#вязаниеспицами #вяжутнетолькобабушки #мквязание #мастерклассыповязанию #мастерклассвязание #урокивязания #узорыспицами";1558031184;2770;7312558594;False;мастерклассвязание
BxiytDWA6hY;"Приготовила пряжу и спицы. Ну, думаю,  время пришло начинать вязать зимнюю шапку для младшего)
Но какую?
Прошла по тэгам, связанным с шапкой для мальчика, и ничего не цепануло. Ну вот ни-че-го.
Отложила спицы. И расстроилась. Вот всегда так,  вся красота-для девочек.
.
Зато для вас у меня есть описание вот такой неординарной шапочки в исполнении @morozovatomochka
.
М̰а̰с̰т̰е̰р̰-̰к̰л̰а̰с̰с̰ ̰«̰Ш̰а̰п̰к̰а̰_̰Д̰о̰б̰р̰ы̰н̰я̰""̰ - это:
.
✔подробное описание в формате PDF (открывается на любом устройстве), 13 страниц, 44 фото, 11 ссылок на видео
.
✔ отработано и протестировано на три размерных ряда:
44-46
48-50
52-54
.
✔ рекомендации по пряже
.
✔ расход 2 – 2,5 моточка чистошерстяной пряжи
.
✔ стоимость МК 300 ₽
Оплата на карту Сбербанка (реквизиты по запросу)

Все работы тестовой группы можно посмотреть по тэгу #шапка_добрыня
.
А я, пожалуй, утеплю #шапка_добрыня и будет у нас отличный зимний вариант🤗";1558053108;82;3662278038;False;мастерклассвязание
Bxj2LgNiFZ4;"Бесплатное описание повязки на голову для игрушки с нарцисом🏵

Нарцис:
Серединка
Желтой пряжей
1. 6 сбн в КА (6)
2. 6 пр (12)
3. 12 сбн за заднююстенку (12)
4. 12 сбн (12)
5. 12сбн (12)
6. (1сбн, пр)*6 (18)
7. 18 сбн (18)
8. Меняем нить на оранжевую (3сбн в 1п, сс)*9 заканчиваем вязание. 
Лепестки:
Присоединяем нить к передней стенке полупетли ( в основании серединки)
Вяжем 3вп подъёма, 3 ссн в 1 п, 3вп, сс в следующую петлю. Так повторяем ещё 5 раз. Лепестки готовы. 
Повязка: 
Зеленой пряжей
Набираем воздушные петли , ровно столько, чтобы охватить голову Вашей игрушки. 
Делаем сс в последнюю петлю цепочки. 
1. ПП, вяжем сбн в каждую петлю до конца ряда, сс. 
2. 3вп ( это пп), вяжем ссн в каждую петлю до конца ряда, сс. 
3. ПП, сбн в каждую петлю до конца ряда, сс. 
Повязка готова!

Понравился МК? Тогда проходи по тэгу #мк_кошкина Тут можно выбрать понравившийся МК, так же их можно посмотреть в актуальном! Для приобретения МК пишите мне в директ или проходите по ссылке в шапке профиля 💌";1558088484;140;6671280133;False;мастерклассвязание
Bxj6SweAJZ8;"Сегодня в нашей рубрике с удачными бесплатными описаниями летняя шляпка, связанная крючком 👒
Передаю слово автору @svetlasha_novikova
.
🎤 А давайте сегодня рассмотрим не просто узор, а как связать шляпку? 🙌🏻 Данная шляпа связана из джута. Выглядит очень красиво и стильно. Достаточно плотная, но при этом легкая и продуваемая.
.
Работа начинается с вязания ровного круга, равного необходимому диаметру. Вычислить эту величину легко: обхват головы/3,14 = диаметр дна шляпки. Вывязываем его за заднюю полупетля по кругу. Схема ровного круга приведена в карусели. Далее, когда круг достигнет необходимых размеров продолжаем вязать без прибавок все так же по кругу. До необходимой глубины. Ну и завершаемый вязание тем же «блинчиком» по правилу ровного круга с прибавками.
.
По внутренней части шляпки я пришила хлопковую ленту для полного комфорта. В края полей я ввязала обычную толстую леску. Шляпку отпарила и теперь она моя любимая. 💔
.
Вся шляпа вяжется обычными столбиками без накида. Джут лучше использовать специальный, для вязания. Необходимо примерно 120-130 грамм. Шляпку можно украсить репсовой лентой и бантом. Атласные могут дешевить внешний вид головного убора!
.
Приятного творчества! ❤️";1558090641;1164;4362250847;False;мастерклассвязание
BxjLnUdAdZt;"Зайки прискакали! Мастер-класс готов! Только два дня: 17 и 18 мая МК будет стоить всего 150₽ ( вместо 300₽) Мастер-класс содержит:
* Подробное описание вязаной игрушки крючком;
* Множество фотографий процесса;
* Размер игрушки 12-14 см сидя в зависимости от выбранной пряжи. Я использовала пряжу Камтекс хлопок травка для серого зайки, Нако мохер Деликат с добавлением Кид мохера для розового.

Для приобретения МК перейти по синей ссылочке в шапке моего профиля @anchutka_toys - кнопочка Мастер-Классы.

#anchutkatoys_mk";1558066168;240;5499403698;False;мастерклассвязание
BxjSGYlBmyl;"Доброго утра, друзья🌞

Предлагаем сесть поудобнее и посмотреть мастер класс оригинального и красивого узора для корзины от 
@nata_knitter😍

Жми ❤️ и сохраняй ✔️ себе, чтобы не потерять!_____________________
Все полезности и видео от @nata_knitter
по хештегу➡️#nata_knitter_мк 
#вяжукорзину #мк #узор #вязаниекрючком #вязаниемк  #мастерклассвязание #вязаниеузоры #вязанаякорзина #вязанаякорзинка #корзинкаизтрикотажнойпряжи #корзина #корзинка #корзинкадлямелочей #вязаныйдекор #knitstagram #knit #knitting #crochet";1558069600;123;3060590712;True;мастерклассвязание
BxjU3ZXBddO;"Сначала была курица или яйцо? ⠀
Сначала выбираем пряжу или то, что будем вязать?⠀
Мы поможем и с тем и с другим! 😉⠀ ⠀
С чего хотелось бы начать, так это с совета. Обязательно приходите в магазин уже с четкими представлениями о той вещи, которую вы хотите связать, когда вы будете ее носить (зимой или летом), будет ли она повседневной или нарядной и о примерных ее размерах. Будет ли у вашего изделия узор? Рельефный или ажурный? От этого будет зависеть количество пряжи.⠀
⠀
🌺Изначально, нам необходимо внимательно ознакомиться с информацией, которая дана на этикетке мотка с пряжей. На каждом мотке указана вся нужная  информация: производитель, волокнистый состав, вес мотка, длина, а также рекомендуемый номер спиц и крючка, плотность вязания.⠀ ⠀ 🌺В большинстве случаев пряжа выбирается по цвету, толщине и длине нити, но следует обращать внимание на качество пряжи и ее состав, именно от этого зависит, легко ли будет работать с этой пряжей, долго ли будет носиться изделие, не потеряет ли свой оттенок и форму связанная вещь. Всю пряжу по составу делят на натуральную и синтетическую. А натуральные в свою очередь делятся на растительного и животного происхождения. Натуральные животного происхождения пряжи: шерстяная, ангора, мохер, верблюжья, шелк, кашемир. Растительного происхождения: хлопок, лен, вискоза. Синтетической пряжи также очень много: полиэстер, капрон, акрил. ⠀ ⠀
🌺Состав пряжи всегда указывается на этикетках в процентном соотношении. Для летней одежды лучше использовать хлопчатобумажные, льняные, шелковые волокна и вискозу. Для теплой одежды – шерсть и акрил⠀ ⠀
🌺Очень важно: пока не закончите изделие полностью, никогда не выбрасывайте этикетку. Даже самой опытной рукодельнице порой бывает сложно точно рассчитать необходимое количество материала. Тут и пригодится этикетка, на которой указан номер пряжи и партии ниток, а также номер оттенка.⠀ ⠀
🌺Обозначение на этикетке 100г/200 м говорит о том, что на 100 г пряжи длина нити составляет 200 м. Чем больше метраж на 100 граммов, тем тоньше нить.⠀ ⠀
Кстати, на наших мастер-классах мы даем все рекомендации по подбору пряжи для каждого урока, так что вам не придется над этим ломать голову. 😗🤗👌";1558071018;253;4243581788;False;мастерклассвязание
BxjW3CLowlJ;"Хотите сделать оберег/талисман/подарок своими руками?Имеете самые минимальные навыки вязания крючком?Тогда все в Ваших руках!
.
Мы предлагаем Вам Мастер-класс по вязанию крючком.
Интерьерная кукла Ангел из коллекции «Хранители домашнего очага»

Автор МК Елена Лозан
Формат PDF.
Размер документа 1,98 МБ
Языки: английский/русский/немецкий на выбор
Документ содержит 11 страниц подробного описания куклы.
Документ содержит 24 фотографий всего процесса создания игрушки.
Документ содержит советы для вязания.

Документ не содержит уроков по вязанию и предназначен для рукодельниц, обладающих навыками вязания крючком
Уровень сложности: легкий.
Приобретая этот МК -Вы можете связать любую куклу по своему вкусу.

При использовании рекомендуемой пряжи и крючка размер куклы получается 35 см

АВТОРСКИЕ ПРАВА
Все документы защищены международными законами об авторском праве и предназначены только для личного использования. Запрещается распространять мастер-класс на бумаге или в электронном виде (вы не можете продавать или делиться шаблонами, публиковать их в Интернете или переводить на другие языки). Вы можете продать любой предмет, сделанный вами лично в соответствии с этим мастер-классом. 
Если у вас есть какие-либо вопросы по этому мастер-классу, пожалуйста, свяжитесь с автором!

Элементы цифровой загрузки не могут быть возвращены или обменены.

Стоимость МК - 5$
.
#мастеркласскрючком #мастеркласповязанию #мастерклассвязание #мастер_класс #мастер_классы #мккрючком #мк_крючком #игрушкикрючком #игрушкикрючкомназаказ #игрушкикрючкомднепр #игрушкикрючкомукраина #игрушки_крючком #мккукла #мккукласвоимируками #мкигрушки #мкигрушкикрючком #куклакрючкомназаказ #куклакрючком #амигуруми 
#амигурумимк #амигурумисхемы #амигурумик #амигурумимастеркласс #амигурумикукла #амигурумиописание #амигуруминазаказ #амигуруми_мк #ангел #амигурумиангел #мк_ангел";1558072064;28;4007403439;False;мастерклассвязание
BxjW5cDiFnM;"🐰1-й этап бесплатного онлайна по вязанию зайки Ули крючком
.
☝🏻Условия участия в бесплатном онлайне ищите в прошлых постах
.
После того как свяжите лапы и хвост, жду ваши фото в директе
.
Фото первого этапа принимаю до 23.59.59 23.05.19
.
🤗Если вам что-то непонятно или есть вопросы, пишите в комментариях, на все отвечу!
.
📍ОШИБКИ:
В описании нижних лап в 12 ряду правильно: 5сбн, уб, 4сбн=10
В описании верхних лап в конце провязать за обе стенки 4 сбн
В описании хвоста в 4 ряду правильно: (2сбн, уб)×3=9
📍
.
😢Извините за ошибки, в мастер-классе все будет указано правильно!
.
❤Приятного вязания❤
.";1558072083;431;8296196519;False;мастерклассвязание
BxjYfaag5EH;"ОСТАНОВИСЬ МГНОВЕНЬЕ, ТЫ ПРЕКРАСНО!
⠀
Как же я люблю весну🌳 Ведь это распускание листочков, цветение цветов, пение птиц....
⠀
И пусть перед этим слякоть, грязь и дождь. Но это необходимый момент в пробуждении природы...
⠀
Вы скажете: летом тоже цветут цветы и поют птицы!
⠀
Да, я согласна, но весенние цветы отличаются от летних. У них ярче, насыщенней, даже сочней цвета.
⠀
Возможно мне это только кажется. Просто после зимней серости вдруг появляются краски... Но мне нравятся именно весенние цветы🙂
⠀
Пение птиц так же для меня особенно прекрасно именно весной. Летом птички уже не так поют-у них другие заботы. Летом надо выводить птенцов, кормить их, готовить к зиме. А весна-беззаботное время😊
⠀
Вот и сейчас, отцвела черёмуха, во всю цветет сакура, набирает силу серень...
⠀
А в деревне у родителей рядом с домом уже несколько лет живет соловей🙃 Какие же песни он поет по утрам... Главное не проспать🤭
⠀
А вы любите весну? Или вам по душе другое время года?😉";1558072919;62;7389946056;False;мастерклассвязание
Bxjo3OlA977;"ДАВАЙТЕ ЗНАКОМИТЬСЯ!
🐀
Меня зовут... Эммм... Меня зовут...
Ааааа!!! Помогите!!! У меня ещё нет имени!!!
🐀
Друзья мои, у этого КРЫСавчика пока нет имени 🙄 Он очень хочет новых знакомств, но пока представиться не может 🤨 это неправильно!
Давайте вместе придумаем ему имя? 😉
Автору имени, которое мне понравится, я подарю оформленный МК! (а мк уже в процессе создания😀)
Результат объявлю в понедельник 29 мая утром.
Свои предложения пишите в комментариях к этому посту ☝🏼 Один комментарий - одно имя))
Погнали? 😉✌🏼";1558081503;104;614736117;False;мастерклассвязание
Bxjrt9nguKT;"Очаровательный джемпер
от @zavizala ♥️
___________________________________________⠀
 #свитер #мастеркласс #вязаныйсвитер #вязаныйпуловер #оверсайз #look #этолюбовь❤️ #свитерспицами #вяжунемогуостановиться #свитероверсайз #вырез #looks #теплоеплатье #тепло #весна2019 #8марта #oversize #fashionlook #всевжизнисвязано #вяжуспицами #мк #мккардиган #мастерклассвязание #джемпер #джемперспицами #джемперкрючком";1558082999;148;5883141518;False;мастерклассвязание
Bxju4JCihnS;"Всем привет 👋 ❤️
⠀
Каждый из нас, хоть  раз в жизни, но гадал на ромашке🌼
⠀
Непременно  хотелось, чтобы заветное слово «любит» совпала с последним, оторванным лепестком💕Ух, а сколько же было радости и ликования сердца, когда отрывая последний лепесток, шепчешь«любит».
⠀
❤️Знакомое чувство?
⠀
Совсем не хочется выкладывать урок вязания ромашек, с сухим текстом училки 🤓
⠀
Предлагая совместить полезное с приятным.
⠀
Поиграем в игру:«Люблю/не люблю»
⠀
✅Правила игры:
⠀
Первый участник пишет какой-нибудь глагол либо существительное.Второй пишет любит это или нет, и обязательно объясняет причину.Затем пишит свой вариант действия или предмета.
⠀
Но выбрать, что ответить, сам не может, т.к. ответы «люблю» и «не люблю» должны обязательно чередоваться! Т.е. если до Вас был ответ «люблю» и человек назвал новое слово «мороженое», которое  вы просто обожаете, вы всё равно обязаны сказать «не люблю» и как-то это аргументировать.
⠀
✅Пример:
⠀
1-й: Ходить в спортзал
⠀
2-й: Люблю — это не только приятно, но и полезно!
⠀
Утро
⠀
3-й: Не люблю — потому что надо рано вставать
⠀
Кошки
И так далее..
👇👇👇
————————
Листаем карусель, там👉схема, описание, видео по вязанию Ромашки.
#схемавязания #схемакрючком #вяжемцветы #платьекрючкомдлядевочки #вяжеммалышам #вязаниекрючкомдлядетей #мамавяжетдочке #вязатьмодно #вяжемвместе_sota #мкбесплатно_st #покажукаквяжу #мастерклассвязание #knitting_inspiration #knitting_is_love";1558084656;935;6277591304;False;мастерклассвязание
BxkUB4bCnSp;"☀💡👁🗻👣⠀
⠀
Ну что за абра кадабра скажете вы. А вот догадайтесь! Это такое стихотворение- нескладушка.⠀
⠀
Давайте поможем вам. Что видим? Солнце. Что оно делает? Светит! Да, правильно, прямо в глаз. Загорай моя стопа.😎😁😅⠀
⠀
Солнце светит прямо в глаз, загорай моя стопа. Слышали такое?🙈 Догадались без подсказок? 😜🤔⠀
А давайте вы тоже нам загадаете, что вы будете делать на этих выходных? А мы попробуем угадать. ⠀
Пишите в комментариях! ⠀
Будет весело😝👍";1558104134;127;4243581788;False;мастерклассвязание
BxkWmurAK4-;"Видео мк Кроссбоди Зефирка стоит 600 руб/3000 тг.
Пошаговая видео инструкция по вязанию сумочки. Показываю и рассказываю как вязать аккуратно пышные столбики, размеры сумочки, отдельные детали и их соединение, установить фурнитуру, короткую ручку, сделать кисточку, пришить подкладку.
Для приобретения мк, пишите в директ.
#мастерклассвязание #вязаниемк #сумкамк #вязанаясумкамк #сумкакрючкоммк #крючкоммк #мастерклассвязанаясумка #вязанаясумочка #crochetpattern #crocheterapia #crochetbackpack #crochetbag #сумкашоппер #сумкасаквояж #вязаныйрбкзак #вязаныйклач #вязанаякроссбоди #сумкакроссбоди #вяжуизалтын #nitka_mk #скидкимк #мкскидка #мкзефирка #зефиркамк";1558105485;705;1678373593;False;мастерклассвязание
BxkWwfyHhlS;"Всем привет!!!
Я как всегда без лишних слов - но с мк узора. У меня он ассоциируется с мороженкой в вафельном рожке 🍦🍦🍦.
.
Рапорт: 10 петель (в видео выделенв маркерами) + кромочные.
.
Высота узора: 8 рядов.

Обратите внимание как я провязываю 5 изн. петель во 2 и 6 рядах - классическим способом. Это значительно сокращает время при провязывании этих же 5 петель вместе в 3 и 7 рядах соответственно.

#вязаниеспицами #вяжутнетолькобабушки #мквязание #мастерклассыповязанию #мастерклассвязание #урокивязания #узорыспицами";1558105565;1221;1596699;False;мастерклассвязание
BxkYJY8lB8r;"🌷Авторский кардиган (пальто) 🌷""ЛЕДИ""🌷.
.
🌷 Кардиган связан спицами, отделка - крючком
. 🌷Кардиган прямого свободного силуэта
🌷Рукав - реглан, ворот - стойка
🌷Декоративная отделка по вороту, рукавам и подолу .
🌷Размер 48-52 (разная степень облегания) .
.
МК кардиган (пальто) ""ЛЕДИ"" включает в себя: .
.
✴️Подробное описание вязания, сборки и декорирования кардигана
✴️Пошаговые фото
✴️Стоимость МК - 950р.
✴️МК отправляется на указанную Вами эл.почту в pdf формате после оплаты на банковскую карту (реквизиты в Директ)
_______________________________

#gala_gvg #galaвязание #вязаниекрючком #вязаниеиркутск #курсывязанияиркутск #мквязание #курсыиркутск #хендмейд #ручнаяработа #рукоделие #мастеркласс #рукодельница #мастерица #вяжем #иркутск #мастерклассвязание #handmade #хобби #хоббивязание #вязаниемоехобби #моехобби #кардиган #кардиганспицами #вязаныйкардиган #пальто #вязаноепальто #пальтоспицами #авторскийкардиган #мккардиган #вязаниевиркутске";1558106300;123;7981627210;True;мастерклассвязание
Bxl8QSAis5x;"🌷Авторский кардиган (пальто) 🌷""ЛЕДИ""🌷.
.
🌷 Кардиган связан спицами, отделка - крючком
. 🌷Кардиган прямого свободного силуэта
🌷Рукав - реглан, ворот - стойка
🌷Декоративная отделка по вороту, рукавам и подолу .
🌷Размер 48-52 (разная степень облегания) .
.
МК кардиган (пальто) ""ЛЕДИ"" включает в себя: .
.
✴️Подробное описание вязания, сборки и декорирования кардигана
✴️Пошаговые фото
✴️Стоимость МК - 950р.
✴️МК отправляется на указанную Вами эл.почту в pdf формате после оплаты на банковскую карту (реквизиты в Директ)
_______________________________

#gala_gvg #galaвязание #вязаниекрючком #вязаниеиркутск #курсывязанияиркутск #мквязание #курсыиркутск #хендмейд #ручнаяработа #рукоделие #мастеркласс #рукодельница #мастерица #вяжем #иркутск #мастерклассвязание #handmade #хобби #хоббивязание #вязаниемоехобби #моехобби #кардиган #кардиганспицами #вязаныйкардиган #пальто #вязаноепальто #пальтоспицами #авторскийкардиган #мккардиган #вязаниевиркутске";1558158778;57;7981627210;False;мастерклассвязание
Bxm-nsinQis;"Идеальная пряжа для летних маечек и футболочек!
🌿Organic baby cotton от Gazzal!

Состав: 100-% органический хлопок 
Длина нити 115м/50 г

Рекомендуемый размер спиц: 4-4.5 мм

Цвета в наличии все, что есть на фото (в карусельке) 💰 Цена мотка - 90 р. .
🚗 доставка почтой, сдэк
.
💕 для заказа ставьте ➕ в комментариях или пишите в Директ
.
#gazzal #gazzalbabycotton
#вязаниеспицами #вяжутнетолькобабушки #вяжутнетолькобабушкиноимамочки #урокивязания #урокиспицами #урокивязанияспицами #явяжу #учусьвязать #люблювязать #мквязание #мастерклассыповязанию #мастерклассвязание #knitting #knitstagram #knittinglove #i_loveknitting";1558193573;604;1596699;False;мастерклассвязание
Bxm2kVXHabB;"Вязание - это моя магия.
⠀
- Чем ты занимаешься?
- Я покоряю крючок!
⠀
- Это типа просто путаешь нити?
- Нет, я вкладываю душу.
⠀
- Просто же петельки?
- Нет, это петельки с любовью!
⠀
- А крючком же только бабушки вяжут?
- Нет, я же не бабушка ещё!!! Я создаю простые вещи, но с ""изюминкой""!!! А главное - я доказываю себе и окружающим,  что связать крючком можно бомбические изделия!!!
⠀
❤❤❤
⠀
Я влюблена в Софи @sava_lavochka - это талантливые девочки! Загляните в профиль и получите массу приятностей!!!
Спасибочки за чудесный результат в виде прекрасной кофточки!!!
А вам нравится?
Хотите связать?
Можете приобрести у меня мастер-класс ""Паулина"" и сотворить такую же нежность!!!🤗🤗🤗
Пишите в директ!
⠀
🍀🍀🍀🍀🍀
⠀
Желаю отличного настроения!!!
⠀
🍀🍀🍀🍀🍀";1558189351;1198;6770096511;False;мастерклассвязание
BxmAVJ3DMG2;"На правах НЕрекламы❤️
.
🗣️ Анастасия @nastasya_wool объявила о наборе группы для тестирования МК по вязанию вот этого классного джемпера🔥🔥🔥 .

Джемпер оверсайз, но в то же время сидит аккуратно 👏
Он подчеркнёт вашу женственность и хрупкость ❤️
Посмотрите в профиле автора 🙌
.
Итак❗
.
Если у вас есть немного свободного времени

Если вы умеете вязать и внимательно читать )) Если вам нравится получать новые навыки и знания (в МК много интересных решений и рекомендаций)

Если вы выбираете качество 😉

ТО

Я от души рекомендую вам продать заявку на участие в тестировании 😊 .

Потому что
❤️ У Анастасии огромный опыт в вязании
❤️ Она очень ответственно подходит ко всему, что делает
❤️ Отзывчивый и приятный в общении человек 🤗.
.
Это НЕ реклама.

Это я снова делюсь с вами тем, чем сто́ит поделиться и что достойно вашего внимания 🌷
.
НАЧАЛО: когда наберётся группа. Но она уже почти сформирована, осталось несколько мест 🙌
.
ПРЯЖА:
Любая пряжа 110-120г/50м
.
РАЗМЕРЫ: 42-44, 44-46, 46-48
.
Более подробную информацию вы найдете у Анастасии @nastasya_wool
@nastasya_wool
@nastasya_wool";1558160915;261;4362250847;False;мастерклассвязание
BxmFoMBiTSD;"КАК НА САМОМ ДЕЛЕ НЕЗАМЕТНО СМЕНИТЬ НИТЬ?😉
.
Во время вязания игрушек, нам бывает необходимо поменять цвет нити на другой🤔
.
И конечно же, хочется, сделать это не только аккуратно, но и незаметно☝️
.
Листайте карусельку, в видео я рассказываю, как это делаю я😊
.
Надеюсь видео будет для вас полезно и как всегда, очень благодарна Вам за ♥️
.
Если вы знаете другие способы смены нити, скорее пишите в комментариях. Мне интересно как это делаете вы😉";1558163693;496;8762656088;False;мастерклассвязание
BxmNK5xo8Ut;"Нравятся маленькие вязаные игрушки, но боитесь, что у Вас не получится?⠀
⠀
Мастер-класс от @tanatka_toys в формате PDF, по вязанию ладошечного (около 7 см) Крольчонка крючком из Кид Мохера, содержит:⠀
⠀
📌подробное описание от первой до последней петельки; ⠀
⠀
📌фото процессов;⠀
⠀
📌рекомендации по подбору материалов и использованию инструментов;⠀
⠀
📌схемы оформления, утяжек и сборки;⠀
⠀
📌советы по тонировке.⠀
⠀
Сложность вязания игрушки – средняя.⠀
Данный мастер класс не является обучающим материалом, необходимы
умения и навыки вязания крючком.⠀
⠀
Только до 19.05.2019 можно приобрести мастер класс «Крольчонок» всего за 150р, вместо 350р. (по вопросам приобретения – в директ @tanatka_toys) ✍
⠀";1558167647;474;7931541266;False;мастерклассвязание
BxmOoYunZ0I;#вязание #вязаниеминскбеларусь #вязаниеминскназаказ #вязаниекрючком #вязаниекрючкомназаказ #вязаниекрючкомрукоделие #вязаниекрючок #вязаниедляначинающих #мквязание #мастерклассвязание #уроквязания #уроквязаниякрючком #ручнаяработа #ручная_работа #своимируками #мкхендмейд #сделаноруками #мкминск #мастерклассминск #мастеркласс #мк #хобби #handmade #хэндмэйд #хендмейд #схемывязания;1558168413;24;8650714397;False;мастерклассвязание
BxmPjWPCqdI;"Пряжа DROPS Brushed Alpaca Silk
Состав: 77% альпака, 23% шелк
140 м./25гр.
Цвет: 12 розовый
Остаток: 10 шт.
Цена: 215 рублей/моток
Создана для вязания легких, пушистых и теплых вещей, комфортных в носке. Невесомые кардиганы и свитера, ажурные шали и палантины, теплые шапки и снуды.

Нить довольно тонкая, ее метраж 140 метров в 25 грамм, для работы рекомендованы спицы №5, но размер спиц можно выбирать в зависимости от нужной плотности. Вязать можно как в одну, так и в две нити, а также с добавлением другой пряжи, например, Alpaca.

Примерные по расходу пряжи:
- пуловер или жакет лицевой гладью — 150-200 грамм в зависимости от длины (разм.42-44);
- небольшая шаль или палантин — ок.100 грамм;
- палантин или шаль стандартного размера — 125-150 грамм;
- свитер в две нити — 200-250 грамм в зависимости от длины (разм.42-44)";1558168896;34;10333716142;False;мастерклассвязание
BxmV9dqoLGd;"@nitka.kz
• • • • • •
Видео мк Кроссбоди Зефирка стоит 600 руб/3000 тг.
Пошаговая видео инструкция по вязанию сумочки. Показываю и рассказываю как вязать аккуратно пышные столбики, размеры сумочки, отдельные детали и их соединение, установить фурнитуру, короткую ручку, сделать кисточку, пришить подкладку.
Для приобретения мк, пишите в директ.
#мастерклассвязание #вязаниемк #сумкамк #вязанаясумкамк #сумкакрючкоммк #крючкоммк #мастерклассвязанаясумка #вязанаясумочка #crochetpattern #crocheterapia #crochetbackpack #crochetbag #сумкашоппер #сумкасаквояж #вязаныйрбкзак #вязаныйклач #вязанаякроссбоди #сумкакроссбоди #вяжуизалтын #nitka_mk #скидкимк #мкскидка #мкзефирка #зефиркамк";1558172255;131;13242266653;False;мастерклассвязание
BxmaFwpHLa4;Акция‼️‼️‼️Мастер класс за 1️⃣9️⃣9️⃣р‼️ И вы свяжете классный аксессуар для себя или в подарок‼️❤️❤️❤️;1558174421;62;311182820;False;мастерклассвязание
Bxmf3rSCxEr;"🤔Как вам такой летний топ, который можно носить как тунику на пляж?
⠀
РАЗМЕРЫ 38/40 (42)
⠀
🔰ВАМ ПОТРЕБУЕТСЯ
Пряжа (65% хлопка, 20% полиакрила, 15% вискозы; 105 м/50 г) — 400 (450) г белой; прямые и круговые спицы №4.
⠀
👉🏻 СХЕМЫ И ВЫКРОЙКИ ищите в карусели
⠀
🔻АЖУРНЫЙ УЗОР A
Число петель кратно 35 + 2 кромочные = вязать согл. схеме 1. На ней даны лицевые ряды и 1 изнаночный ряд. В неприведенных изнаночных рядах петли провязывать по рисунку, лицевые скрещенные провязывать изнаночными скрещенными, накиды провязывать изнаночными; это относится к первым 104 рядам. Между кромочными постоянно повторять раппорт. Выполнить 13 раз 1–8-й ряды (= 104 ряда), затем выполнить 1 раз 1–7-й ряды, закончить последним приведенным изнаночным рядом = 112 рядов.
🔻АЖУРНЫЙ УЗОР B
Число петель кратно 35 + 9 + 2 кромочные = вязать согл. схеме 2. На ней даны лицевые и частично изнаночные ряды. В неприведенных изнаночных рядах вязать, как ажурный узор А. Начать с 1 кромочной и петли перед раппортом, раппорт постоянно повторять, закончить петлями после раппорта и 1 кромочной. Выполнить 1 раз 1–64-й ряды, при этом для наглядности перехода между узорами последний изнаночный ряд узора 2 дан как ряд (RR) 0.
🔻РЕЗИНКА
Круговые ряды: попеременно 1 изнаночная, 1 лицевая скрещенная.
⠀
ПЛОТНОСТЬ
23,5 п. х 27 р. = 10 x 10 см.
⠀
1️⃣СПИНКА
Набрать на спицы 107 (115) петель и для планки связать 0,5 см = 1 изнаночный ряд лицевыми, 1 лицевой ряд изнаночными и 1 изнаночный ряд лицевыми.
Продолжить работу ажурным узором А, при этом для 2-го размера узор начать и закончить дополнительными 4 петлями изнаночной гладью.
Через 41,5 см = 112 рядов от планки закрыть для пройм с обеих сторон 1 x 13 (17) п. = 81 п. и продолжить работу узором 3, при этом выполнять убавки согл. схеме.
Через 23,5 см = 64 ряда от смены узора оставить оставшиеся 35 п.
⠀
2️⃣ПЕРЕД вязать, как спинку.
⠀
3️⃣СБОРКА
Оставленные по 35 петель переда и спинки набрать на круговые спицы, с обеих сторон между ними набрать по 5 (8) новых петель и на всех 80 (86) петлях связать 6 круговых рядов резинкой. Затем закрыть все петли по рисунку.
Выполнить боковые швы.
⠀
❤️ВАША ТУНИКА ГОТОВА!";1558177451;46;9405976798;False;мастерклассвязание
BxmgpDoClsf;"НЮАНСЫ ВЯЗАНИЯ ШЛЯП + МАГАЗИНЫ
⠀
Сохраняйте, пост будет полезным, особенно для начинающих шляпников 😁
После фото моей шляпы, посыпались вопросы🙈
И я решила поделиться своим опытом в вязании шляп и рассказать что, для чего и как использовать, и где купить 😊
⠀
Итак, Вам понадобится:
1️⃣рафия (у меня это Fibranatura), в Тюмени она есть в @nitochka_tmn, @tak.teplee, @blue.lama.
Из других производителей советуют Ispie, я ее не пробовала;
2️⃣регилин - ввязывается в последний ряд полей шляпы для придания им круглой формы.
Бывает мягкий (у меня именно он), который представляет собой полоску ткани с вшитыми в неё тонкими лесками.
Также бывает регилин в виде толстой лески (китовый ус).
И тот и другой ищите в магазинах с тканями (в Тюмени я нашла в Атлант-текс);
3️⃣термоусадочная трубка - резиновая трубка, которая используется для соединения краев регилина, одевается на края регилина (с нахлестом) и нагревается.
После нагревания она как бы запаивается и надёжно фиксирует круг из регилина - поля Вашей шляпы всегда будут иметь круглую форму.
Я купила в магазине TDM ElectroMarket, точно есть в Строительном Дворе и, вероятно, почти в любом строительно магазине;
4️⃣крючок размером 3-4 мм (у меня 4 мм, стоит подбирать под свою плотность и рафию);
5️⃣ну и немного усердия и внимательности 😁
⠀
ПРОДОЛЖЕНИЕ В КАРУСЕЛИ 👉
⠀
Если было полезно - с Вас ❤️, тогда такие посты будут появляться чаще 😉Другие мои полезности ищите по тегу #sapelkina_полезно ————————————————————
На фото: шляпа из рафии, украшена хлопковой лентой.
Размер: 55-57 см.
Состав: 100% целлюлоза.
Сезон: лето.
⠀
🛒Готовая 1700₽.
🧶На заказ от 2000₽.
⠀
✔️Разные варианты декора.
✔️Много красивых цветов.
⠀
Для заказа пишите в Direct или мессенджеры +79220479820 (готовность - конец мая).
————————————————————
Все мои вязаные работы по тегу #sapelkina_knitting
⠀
Шляпы #sapelkina_шляпы
————————————————————
#вяжутнетолькобабушки #вяжутнетолькобабушкиноимамочки #вязаниеспицами #вязаниекрючком #панамакрючком #шляпакрючком #вязанаяшляпа #летняяшляпа #соломеннаяшляпа #шляпаизрафии #пляжнаяшляпа #описаниевязания #мастерклассвязание #вязаниедляновичков #шляпаназаказ #шляпаручнойработы #детскаяшляпа  #вязаниедлядетей #вязаниедетям";1558177855;1024;7824436614;False;мастерклассвязание
Bxmkjz1CBct;"🌷Авторский кардиган (пальто) 🌷""ЛЕДИ""🌷.
.
🌷 Кардиган связан спицами, отделка - крючком
.
🌷Кардиган прямого свободного силуэта
🌷Рукав - реглан, ворот - стойка
🌷Декоративная отделка по вороту, рукавам и подолу .
🌷Размер 48-52 (разная степень облегания) .
.
МК кардиган (пальто) ""ЛЕДИ"" включает в себя: .
.
✴️Подробное описание вязания, сборки и декорирования кардигана
✴️Пошаговые фото
✴️Стоимость МК - 950р.
✴️МК отправляется на указанную Вами эл.почту в pdf формате после оплаты на банковскую карту (реквизиты в Директ)
_______________________________

#gala_gvg #galaвязание #вязаниекрючком #вязаниеиркутск #курсывязанияиркутск #мквязание #курсыиркутск #хендмейд #ручнаяработа #рукоделие #мастеркласс #рукодельница #мастерица #вяжем #иркутск #мастерклассвязание #handmade #хобби #хоббивязание #вязаниемоехобби #моехобби #кардиган #кардиганспицами #вязаныйкардиган #пальто #вязаноепальто #пальтоспицами #авторскийкардиган #мккардиган #вязаниевиркутске";1558179910;77;7981627210;False;мастерклассвязание
Bxmm0wIiyOT;"Обожаю незабудки! 
Сегодня такой лениво-томный день, что я решила позагарать и повязать заказы. А то накопились😉";1558181097;103;6671280133;False;мастерклассвязание
BxmwgGfHS_F;"[СОВМЕСТНОЕ ВЯЗАНИЕ ОМОЛАЖИВАЮЩЕЙ АВОСЬКИ. НАБОР УЧАСТНИКОВ]
⠀
Проходила мимо общаги мед.института. А там всё как в 21 веке! Пластик на окнах, и кое-где даже кондиционеры имеются. Жуть! Какая же я старая 🙈 Ведь когда поступала 2̶̶̶̶0̶̶̶̶ л̶̶̶̶е̶̶̶̶т̶̶̶̶ н̶̶̶̶а̶̶̶̶з̶̶̶̶а̶̶̶̶д̶̶̶̶ на деревянных форточках вместо металлических блоков висели авоськи с недельным студенческим пайком. И вот. Авоськи вернулись, а студенчество 🤷
⠀
Тут только авосечный ОБРЯД поможет: возьмите авоську, сложите туда всё, чем питались будучи студенткой и вывесите за окно. Чем дольше провесит за окном авоська, тем сильнее окружающие уверуют, что в квартире живёт студент. То есть вы!
⠀
➡️ Где взять авоську?
Связать с нами на совместнике, который стартует 17 июня. Будем разбираться в японской схеме и вязать японскую сетчатую сумочку. Они в деле омоложения самые лучшие. Знаете сколько живут японцы? Вооооот! Всё из-за авосек 😉
⠀
И пряжа ведь такая, чтоб на 💯 лет хватило. Необычный полиэтиленовый Placord. На авоську всего 2 мотка достаточно по 380 рублей. Выбирай цвет и заказывай!
⠀
Для этого
✓жми на ссылку в шапке профиля 🔝
✓ переходи на сайт в блок для регистрации на совместник
✓ выбирай цвет пряжи и делай предзаказ (пока без оплаты)
✓ жди от нас обратной связи в течение суток 👌
⠀
Выкупаю авосечный заказ из Японии 1 июня!

Ну? Кому нужна японская авоська вместо русских морщин? 😜 Отпишитесь в комментариях

#японскаяпряжа #пряжаизяпонии #совместноевязание #совместник #вяжемвместе #вяжемавоську #авоськакрючком #вяжемкрючком #вяжукрючком #мастерклассвязание #обучениевязание #учусьвязать";1558186171;125;7020351061;False;мастерклассвязание
BxnWnn9Hook;"ДОСЬЕ:
.🌟Папа RABBITович.
.🌟 Серьёзный парень. Глава семейства.
.🌟 Работает Главным специалистом в отделе по борьбе за яркость цвета ботвы моркови 🥕.
.🌟 Любимый отдых: вечером читает газеты.
.🌟 Хобби: коллекционирует вырезки из газет.
.🌟 Любимое блюдо: морковные котлеты.
.🌟 Женат.
.🌟 Особо необходим в доме, где проживают маленькие мальчики, для воспитания в подрастающих мужчинах стойкости характера и любви к морковке 🥕
..
..";1558206155;299;2870336738;False;мастерклассвязание
Bxo0jrnAqEC;"Зайчики, такие зайчики…..🐰
.
.
Вчера прошел мастер-класс по вязанию игрушки, вязали зайчика, что на фото. Вязали на одном дыхании, три часа пролетели незаметно. Даже не успела запечатлить процесс , так все были увлечены вязанием…😊
Девочки остались очень довольны!!!
Кстати, приходили две девочки, которым 10 лет. Только представьте, 10 лет, а уже умеют вязать)))👍
.
На фото резиночки  ручной работы, принимаем заказы) 🌺

#вязаниедетям #мастерклассвязаниеабакан #мастерклассвязание #вязаниеабакан
#вяжуигрушкикрючком #вязаныеигрушкиназаказ #плюшевыйплед #вяжутнетолькобабушки #детиабакана
#мамаабакана #вязаныеигрушкикрючком #вязаниехобби #вязаныепледы #вязаныйплед #вязаниехобби
#плюшевыеигрушки #вяжуигрушкикрючком #подаркиручнойработы #подаркидетям #вяжудетям #вязаныеигрушки #вязаныеигрушкиназаказ #вязаныеигрушкикрючком #плюшевыймишка #вязаныймишка #детиабакана #мамаабакана #Абакан2019 #игрушкиабакан #подаркиабакан";1558255406;62;12008162708;False;мастерклассвязание
Bxo1qFRiyUA;"🍏🍅🍊Вязаные вкусняшки!
.

Неважно зачем, просто так, для настроения!😉
.

А Вы, дорогие рукодельницы, вяжете только нужные изделия или такие интересные штучки тоже?
.
У меня, если честно, времени на такое не хватает. Может потом, в будущем...😉
.

Поделитесь с нами, интересно, только я одна не успеваю?)";1558255983;2346;6164542339;False;мастерклассвязание
BxoJ7XkFrud;"Доброго воскресенья!
.
.
Вчера прошёл плодотворный мастер-класс по джуту! Трудились на результат, на результат, который понравится! Вязали и перевязывали. В итоге все ушли с готовыми изделиями. А родилось у нас вчера 6 сумочек и одна корзиночка. Все результаты вы наверняка видели в сторис. .

Повтор мастер-класса 1 июня. 
Ну что, повяжем? Кто хотел? Запись на страничке студии. .
.
Сумочка на фото нашла свою хозяйку. .
Повтор возможен.";1558233056;202;5906178136;False;мастерклассвязание
BxohWejgwnP;"Всем доброго дня, мои златорученьки!😊 Сегодня у нас отличный Мастер-класс от Анжелики Коваль. ❗️Подробный МК с каждым рядом позволит вам легко связать эту красивую авторскую вещь, даже если ваши навыки в вязании самые базовые.
⠀
🎥 Помимо текстового файла с описанием к пуловеру Акация прилагается видео-курс с подробными инструкциями.
⠀
Размеры 42-58☝️
⠀
Пряжа: Пуловер выполнен из пряжи 100% меринос 400 метров/100 гр. Для идеального соответствия модели рекомендуется авторская пряжа ручного окрашивания.

Приблизительный расход: 350 гр. для размера 46.

Стоимость МК 800 руб.

_________________________________
‼️Опубликовано с разрешения автора‼️";1558245336;13;7176478745;False;мастерклассвязание
BxorHZMIxTM;"Сумочка ✴️""МОККО""✴️ шоколадного цвета связана крючком из атласной ленты
________________________
✴️ МК Сумки ""МОККО"" 
МК включает в себя:
✴️Подробное описание вязания, сборки и декорирования сумочки
✴️Пошаговые фото
✴️Авторские примечания по нюансам вязания данной сумочки
✴️Стоимость МК - 200р.
✴️МК отправляется на указанную Вами эл.почту в pdf формате после оплаты на банковскую карту (реквизиты в Директ)
_______________________________
Покупая МК, Вы приобретаете ""путеводитель"" по миру собственного творческого вязания сумок!

#gala_gvg #galaвязание #вязаниекрючком #вязаниеиркутск #курсывязанияиркутск #мквязание #сумкиизатласныхлент #вязанныесумки #курсыиркутск #хендмейд #ручнаяработа #рукоделие #мастеркласс #рукодельница #мастерица #вяжем #иркутск #мастерклассвязание #handmade #хобби #хоббивязание #вязаниемоехобби #моехобби #вязаныесумки #knit #knitting";1558250548;33;7981627210;True;мастерклассвязание
BxpYtdOAnvx;"Туника , размер от размера s-xxxl , можно легко передавать под майку , так популярную в этом сезоне ❤️Интересно какая Пряжи пиши в комментарии 👇🏻👇🏻👇🏻
РАЗМЕРЫ: 
S - M - L - XL - XXL - XXXL 
Вам потребуется: 
пряжа DROPS PARIS от Garnstudio (принадлежит к пряже группы C) 
450-500-550-600-700-750 г цвет 16, white 
КРУГОВЫЕ СПИЦЫ DROPS № 5: длина 80 см для лиц глади и ажурного узора. 
КРУГОВЫЕ СПИЦЫ DROPS № 4: длина 80 см для окантовки. 
Размер спиц – ориентировочный. Если у вас слишком много петель для 10 см, попробуйте спицы потолще. Если у вас недостаточно петель для 10 см, попробуйте спицы потоньше. 
ПЛОТНОСТЬ: 
17 п и 22 р 10 x 10 см лиц гладью и ажурным узором. --------------------------------------------------------— ПЛАТОЧНАЯ ВЯЗКА (back and forth): Вязать лицевыми все ряды. 
1 рубчик в высоту= 2 ряда. 
УЗОР: 
См. схемы A.1 - A.5. Схемы отображают все ряды в раппорте с лиц стороны. 
УБАВКИ -1 (для юбки): Все убавки делаются с лиц стороны! 
Делаем убавки с каждой стороны маркера следующим образом: Начинаем с 2 п перед маркером, 2 п вместе лиц, маркер, снять 1 п как лиц, 1 лиц и протянуть снятую петлю поверх провязанной петли (= убавили 2 п возле маркера и 4 п в круге). УБАВКИ-2 (для проймы): Делать убавки у 3-х петель края платочной вязкой. Все убавки выполняются по лиц. стороне! 
Сделать убавку после 3-х петель платочной вязкой таким образом: снять 1 петлю как лицевую, 1 лиц, протянуть снятую петлю через провязанную (= убавляем 1 петлю). Сделать убавку перед 3-мя петлями платочной вязкой таким образом: начиная 2-мя петлями перед 3-мя петлями окантовки, провязать 2 п. вместе лицевой (= убавляем 1 петлю). Продолжение 👇🏻👇🏻👇🏻";1558274360;86;7332769357;False;мастерклассвязание
BxpmwXiA9m2;"Маленький медвежонок ❤️❤️❤️
Спасибо, что присылаете такие классные фотоприветы😘
Для меня это очень ценно!";1558281724;181;1545474249;False;мастерклассвязание
BxqtPXDnyYb;"Призы от спонсоров!

Интернет-магазин @ot.motka дарит отличный набор пряжи. Пряжа Baby Merino Drops. 😊Очень мягкая, неколючая пряжа идеально подходит для нежной детской кожи, из нее можно вязать для новорожденных. К тому же, нить проходит обработку Superwash, а значит готовые изделия можно стирать в машине и они отлично подойдут для ежедневного использования.
2 мотка 100% меринос 175м/50 гр.

@kashka.store дарит потрясающий мастер-класс по вязанию стильной интерьерной корзины из экологичного материала - джута. Благодаря этому МК вы научитесь вязать корзины из джута любых размеров. МК в формате видео, очень подробный, поэтому доступен даже для тех, кто ни разу не держал крючок в руках.

@buldakova_larisa дарит три (!!!) мастер-класса. По МК джемпера и кофточки можно связать изделия на любой размер и из любой пряжи.
В описании туники даны три размера.

Деревянная мастерская @smallavrn дарит резную деревянную коробочку для ваших вязальных шедевров. Удобно хранить клубочки, вязание. И она просто украшает интерьер! Размер 200*150*40мм.

@nastasiay.ch_knit дарит набор нежной пряжи Gazzal baby cotton и мастер-класс на выбор! 5 мотков нежного хлопка! Состав пряжи разработан идеально, нежный мягкий и воздушный. Пряжа отлично подходит детям, взрослые вещи из неё тоже прекрасно вяжутся.

@tebe_igrushka дарит 5 мотков мохеровой пряжи! Мохер в этом сезоне набирает обороты. Вы сможете связать много вязальных шедевров!

@valeria_kosenko_hm дарит букет цветов ручной работы из бумаги. В эти цветочки невозможно не влюбиться. Это настоящее украшение интерьера, это услада для глаз и это отличный реквизит для нежных фотографий ваших вязальных творений.

Замечательные подарки, за них стоит побороться!

____________________
Доставка призов по РФ осуществляется спонсором, в другие страны - за счёт победителя.";1558318678;120;6209081568;False;мастерклассвязание
BxrBfVHHfgj;"ПРИВЕТ!
👋🏼
Меня зовут Арсений!
Да-да, именно это имя я для него выбрала))) Если быть до конца честной, то сама к нему склонялась ещё с начала весны. А когда увидела в комментарии это имя, то сомнения отпали сами собой 😀
Это имя предложила @lipatkina1969 и именно ей я вышлю оформленный МК, когда он будет готов 😀
На этой неделе моя ТЕСТ-группа начинает его тестировать. А я уже приступила к съёмке и оформлению мк. 
Всем доброго утра и продуктивной недели! 😘";1558329295;126;614736117;False;мастерклассвязание
BxrEx1Mj2Bf;"Лето и тёплые вечера, совсем близко! 
Связать такую женственную кофточку поможет Юлия Имукина @svyazhi_sama.

Обучающий видео урок включает:
❇️ Описание в Pdf файле на размеры 40-54.⠀⠀
⠀
❇️ Детальный видео урок всего процесса вязания.⠀
❇️ Плечевое изделие связано с боковыми и плечевыми швами.⠀
❇️ Рукав вяжется сверху вниз.⠀
❇️ Изделие имеет пройму, окат рукава, горловину, планку, манжеты - это все отражено в уроке.

Для работы потребуется:
✔️навык вязания лицевой и изнаночной петли.⠀
✔️ Пряжа​ Lang Yarns Ella Color. 
6-8 мотков (в зависимости от размера) ✔️ Спицы любые номер 3,5 и 4,5
✔️ 6 матовых чёрных пуговиц.

Все остальное есть в мастер классе 👌
Всего один день скидка 50%! Узнайте подробности здесь 
@svyazhi_sama 
@svyazhi_sama 
@svyazhi_sama

Вяжите и украшайтесь, мои талантливые!

С любовью
Юлия

#миланида #свяжисама #svyazhi_sama";1558331019;240;4362250847;False;мастерклассвязание
BxrFdwphqyI;Доброго всем дня!☕️ И продуктивной недели💪🏽💪🏽💪🏽 #teritorya_mk;1558331379;29;7176478745;False;мастерклассвязание
BxrL0sqHLJ4;"ЗАГЛЯНЕМ ЗА КУЛИСЫ
🎭
Все мы любим смотреть на процесс работы.
У третьего духа  уже создано тело, осталось самое интересное - детали.
Усиленно напоминаю, что 27ого стартует бесплатный совместник по вязанию трех милейших созданий ""духов стихий""
Пост с условиями ищите по тегу
#свяжисебе_духастихии
❓❓❓
Я уже определилась за какую стихию отвечает новый малышь.
А вы уже догадались?";1558334713;81;1024102964;False;мастерклассвязание
BxrNX9Pn0ug;"МК ""Звездатый Дракон"" бесплатно!

Только сегодня вы можете получить мастер-класс по вязанию Дракоши абсолютно бесплатно 🙌

Конечно, для этого надо совсем немножко постараться 🤗
А именно:
📌 Подписаться на меня
📌 Сделать репост этого поста у себя в сториз (нажмите на иконку самолетика и добавить публикацию в вашу историю) внимание❗ с активной ссылкой на мой профиль @rizhik_toys
📌 В комментариях отметьте человека, которому был бы интересен данный мастер-класс.

Всё!
Всего лишь 3 шага и мастер-класс по вязанию этого чудесного малыша Ваш 😄
(Ну еще почту свою мне скинуть надо😁) Получить мастер-класс вы можете до завтра 21.05 до 18:00 по Сахалинскому времени!

С завтрашнего дня стоимость мк будет 230 рублей.

Ну что, всё запомнили?
Тогда жду все пункты и вашу почту мне в директ 😘";1558335526;370;370870088;False;мастерклассвязание
BxrTtSnCh_H;"Всем привет, дорогие наши покупатели 💐
Хорошего вам Солнечного 🌞 дня и УДАЧИ всем 👌👍❤️
⠀
Давайте знакомится , меня зовут Наталья 😍 Если вас что-то интересует, пишите не стесняйтесь . Всегда найду время ответить каждому🙌 ☀️ Наша студия открыта для каждого. Ждем всех в гости 🛍
⠀
☀️-Как к нам добраться? -И какой у нас режим работы?
⠀
☀️Режим работы: 10:00-20:00 без перерыва и выходных. ⠀
☀️Находимся мы г Москва.
Метро Войковская.
Детский , развлекательный центр “BebyStore”. Старопетровский проезд  д1 строение 2.
⠀
☀️2-й этаж , по эскалатору прямо, по левой стороне.
⠀
☀️Тел:+7 910 425 56 61.
⠀
Ждем, любим и вяжем с @olinda_shop_moscow ❤️❤️❤️ #мериносOlinda 
#вязатьмодно  #итальянскаяпряжа  #бобиннаяпряжа
#студияпряжи #купитьпряжумосква
#пряжасяком #кашемиршёлк #твидоваяпряжа #пряжамосква #пряжахлопок
#вяжутнетолькобабушки #пряжапайетки
#пряжаслюрексом #мохер #мохерслюрексом #вязаниемосква
#пряжамеринос #пряжакашемир #пряжатвид #пряжаальпака
#мастерклассвязание #ангора";1558338847;378;11544129281;False;мастерклассвязание
BxrZj0jHePl;"Всем привет 😊! Нравится мне собирать плюшевую игрушку при помощи пластиковой иголки. Такой иголкой удобно пользоваться, так как она большая, слегка гибкая, нет опасности поцарапать глазки при пришивании мордочки.
⠀
Но вот, к сожалению, недостаточно прочная (см. второе фото). После поломки заменила её на металлическую с тупым кончиком.
⠀
Пробовала сшивать детали плюшевой игрушки при помощи крючка, но что-то мне так совсем неудобно 😉. Иголкой всё-таки проще и аккуратнее получается 😀.
⠀
💜 А чем вы сшиваете свои игрушки-плюшки? Вам удобнее иголкой или всё-таки крючком 😊?
⠀
#интересное_ольгаанзельм";1558341915;139;5730899830;False;мастерклассвязание
Bxr__6jIyHl;"Доброго вечера 🤗
Комплект свитшот, штанишки и берет с аппликациями из страз 💎 выложенных вручную 🙌.
Напоминаю, что мастер класс такого костюма можно приобрести. Цена 400 руб. Аппликация в МК не входит.
🔹🔹🔹
🔹Детский комплект свитшот,штанишки,берет.
🔹 Хлопок с акрилом, стразы
🔹Размер 92-98
🔹🔹🔹
Краснодар курьер или самовывоз
На заказ 50% предоплата.
По России почтой, ТК СДЭК
🔹🔹🔹
📩Пишите заказ в Direct, WhatsApp, Viber +7(918)9899599 Ольга
🔹🔹🔹
#комплектдетский #свитервязаный #свитердетский #свитердлядевочки #свитшотвязаный #мксвитшотдетский #мквязаниенамашине #мквязаниедлядетей #мкпдф #мастерклассвязание #описаниесвитера #вязаниекраснодар #вязаниеназаказ #краснаяплощадькраснодар #краснодармойгород #чистяковскаяроща #паркгалицкого #маленькаямодница #подарокребенку #люблюкошек #одеждасостразами #мквязание #беретнамашине";1558362068;919;1234265465;False;мастерклассвязание
BxraLgknTFb;"#марафон_авантюра_мстители с @pollytoys_crochet @olya.usolya  и @toy_joys
⠀
Выпала из инстажизни немного. Этакий инстаДетокс у меня😀
⠀
Пора возвращаться в активный режим
⠀
Давно не участвовала в разных движухах😊
⠀
А эта авантюрка обещает быть интересной и продуктивной.
Спешу участвовать 💪";1558342240;293;6933052634;False;мастерклассвязание
BxrkhSnIW93;"Сумочка ""ГЛАМУР"" и Сумочка ""КАПУЧИНО""

МК сумки включает в себя:
✴️Подробное описание вязания, сборки и декорирования сумочки
✴️Пошаговые фото
✴️Авторские примечания по нюансам вязания данной сумочки
✴️Стоимость МК - 200р.
✴️МК отправляется на указанную Вами эл.почту в pdf формате после оплаты на банковскую карту (реквизиты в Директ)
_______________________________
Покупая МК, Вы приобретаете ""путеводитель"" по миру собственного творческого вязания сумок! 
#gala_gvg #galaвязание #вязаниекрючком #вязаниеиркутск #курсывязанияиркутск #мквязание #сумкиизатласныхлент #вязанныесумки #курсыиркутск #хендмейд #ручнаяработа #рукоделие #мастеркласс #рукодельница #мастерица #вяжем #иркутск #мастерклассвязание #handmade #хобби #хоббивязание #вязаниемоехобби #моехобби #сумкасфермуаром #вязаныесумки";1558347706;32;7981627210;True;мастерклассвязание
BxrnL1siIVs;"💕 Плюшевый пёсик «ВЕНЯ». 💐Рост игрушки 35 см.
.
. 💐Цена мастер класса - 200 руб. . 💐Выполнена из пряжи HIMALAYA DOLPHIN BEBI. Крючок 3,5.
. 💐Комбенизон и кепочка из « Пряжа из Троицка «Огонёк».
. 💐Отправляю на электронную почту ,в формате pdf.
. 💐 Способы оплаты- карта СБ.  Qiwi кошелёк.  Яндекс деньги.  Оплата номера телефона.
. 💐МК предназначен для тех,  кто имеет навыки вязания крючком";1558349058;324;5606571140;False;мастерклассвязание
BxrocG9oA7v;"🔥 НОВЫЙ КАТАЛОГ БЕСПЛАТНЫХ МАСТЕР-КЛАССОВ  14 БЕСПЛАТНЫХ мастер-классов от мастеров по современным видам рукоделия ждут вас. Переходите по ссылке в профиле, выбирайте любой и творите ✔ свит-дизайн
✔ валяние
✔ полимерная глина
✔ точечная роспись
✔ декупаж
✔ вязание спицами
✔ фетр
✔ атласные ленты
✔ молды своими руками
✔ солёное тесто
✔ советы по ведению группы в отпуске

Расширяйте свой ассортимент, пробуйте новые виды творчества и готовьте подарки для родных и близких. 📌 Сохраняйте себе в закладки";1558349716;41;2923651079;False;мастерклассвязание
BxsAmDInb6q;"ЧИТАЙ👇СМОТРИ☝️⠀
⠀
Существует много разных способов создания кольца амигуруми. В предыдущем видео я показала несколько вариантов🤗⠀
⠀
А в данном уроке рассказываю про особенности создания кольца амигуруми из плюшевой пряжи☺️⠀
⠀
Далеко не у всех получается сделать кольцо амигуруми обычным способом (в видео способ номер 1).⠀
⠀
Это может происходить по ряду причин:⠀
⠀
1️⃣ Плотное провязывание столбиков в кольцо.⠀
⠀
2️⃣ Рвётся пряжа при затягивании.⠀
⠀
Создание кольца амигуруми следующим способом (провязывание кольца из 2 воздушных петель) не вызовет таких трудностей, ведь там никакое отверстие затягивать не нужно😉⠀
⠀
И последний способ - создание кольца из плюшевой пряжи с помощью вспомогательной ниточки. Главный плюс этого метода - нет дырочки, центр надежно закреплён👌⠀
⠀
А каким способом вы делаете кольцо амигуруми из плюшевой пряжи❓⠀
⠀
Не забудьте поставить ❤️ мне за старания🙈 Вам не сложно, а мне приятно☺️⠀";1558362380;108;9729337480;False;мастерклассвязание
BxsC8mAiP_9;"Ох уж эти мастер-классы!
⠀
Этой Овечке я перевязывала голову 4 раза! Сначала попробовала связать голову жаккардом, не понравилось, остановилась на паричке.
.
Затем пробовала связать голову разными оттенками бежевого, но остановилась все-таки на желтом.
Ведь в мультфильме овечка все же желтолицая.
⠀
Связала овечку,
отфотографировала процесс,
осталось дело за оформлением,
НО
вышла финальная серия Игры Престолов!🎉😱";1558363613;176;5435069586;False;мастерклассвязание
BxsEj7fnpa0;"Что для меня вязание? 🧸
🧶Отдых (отвлечение от бытовых дел)
🧶Расслабление (столбики очень успокаивают)
🧶Самовыражение (мои игрушки отражают мои эмоции)
🧶Реализация (приятно заниматься чем то полезным)
🧶Возможность побыть с собой и своими мыслями (пока делаешь столбики отлично думается)
🧶Большая любовь (не знаю, чем бы занималась, если бы не вязала игрушки)
🧶Эмоции (о, это потрясающее чувство, когда смотришь на вязаную мордочку готовой игрушки, и она тебе нравится, и ты сделала её сама)

А что для вас вязание?

p.s. Бесплатное описание вязания такого заи можно посмотреть в актуальной сторис “Free” 😉";1558364460;162;5841428599;False;мастерклассвязание
BxsFPFXikoF;"Давно не радовала вас схемами игрушек)
.
Этот мишутка уже давно ждёт своей очереди в моем списке вязания😄, ну очень хочу его связать! 🙈
.
Думаю, он многим придёт по душе)
.
Пряжа для изготовления:
💳Himalaya Dolphin Baby - 145 р/моток (недавно было поступление, поэтому в наличии очень много цветов)
💳Yarn Art Dolce - 155 р/моток ( в наличии много медвежьих😄 цветов)
.
🧸в наличии есть вся необходимая фурнитура: носики, глазки, пуговки, суставы...
.
#игрушка #мкигрушки #вязаныймишкамк #ярнартдольче #мастеркласс #мастерклассвязание #himalya #Himalyadolphinebaby #хималаи #долфин #долфинбэби #Долфинбэбисмоленск #Долфинбэбимосква #himaladolphinababyсмоленск #himlayadolphinebabyмосква #пряжасмоленск #пуффисмоленск #пуффимосква #плюшеваяпряжа #YarnArt #YarnArtDolce #ярнарт #Дольчесмоленск #Дольчемоска #yarnartdolceсмоленск #yarnartdolceмосква #пряжасмоленск #пряжамосква  #оптовыецены #дольчесмоленск #дольчемосква";1558364813;73;11282337592;False;мастерклассвязание
BxsJKH-iW_q;"Кажется, погода наконец установилась теплая. Где-то даже жаркая. 🌞 ⠀
Можно прятать теплые вещи на антресоли, а доставать летние кофточки и платья. 🌿💃⠀
Если к этому сезону у вас еще нет обновки, тогда мы приглашаем вас вступить в наши ряды Тест Группы, которая будет вязать нашу новинку- майку ВИОЛЕТТА. 🌺 В такой легкой майке вам будет очень комфортно в летний зной. 👍👒🕶 ⠀
⠀
Условия просты:⠀
❗Вы хорошо вяжете и у вас в профиле есть фото связанных вами изделий (Обязательное условие)⠀
❗Фото хорошего качества, с интересной композицией⠀
❗Ваш профиль открыт (чтобы мы могли его посмотреть)⠀
❗Вы должны быть подписаны на нашу страничку, а в комментариях под этим постом написать слово “Хочу тестировать новинку!”⠀
⠀
По итогу нам будут нужны фото готового изделия.⠀⠀
Ждем ваших заявок в комментариях📝!";1558366870;223;4243581788;False;мастерклассвязание
BxsONiCiMdX;"☘️Летний узор Вам в копилку🍀
. 👝
. ❤️❤️❤️";1558369519;767;6164542339;False;мастерклассвязание
BxsS4hIIS1R;"Доброго вечера всем!🌗 Продолжаю тему Японских узоров. Нам ❤️, вам в закладки!☝️
Долго думала, какой узор разместить сегодня вечером...смотрела простые узоры и уж как-то разбаловалось мое воображение- не впечатляют. 
Вязала я этот на спинке своего свитера, но не  по кругу. Поэтому узор получился в два раза длиннее, но зато не пришлось делать много повторов☺️
У свитера оказалась печальная судьба: вязала я его пару недель. Не торопилась, когда хотела вязала, когда не было желания не бралась. Для себя же ж😂 
В общем связался мой свитерочек, легкий-легкий, как-будто и не было его на мне🥰
И вот, однажды, решила я заняться стиркой, как умудрилась не увидеть его, по сей день остаётся загадкой! Но стирала я при температуре 60 градусов🤧🤧🤧 И во время развешивания белья не сразу поняла, что это такое. Это была малюсенькая кофта на мою двухлетнюю дочь😮
Когда я сообразила, что это я долго смеялась 😂 😱🤣
Так как свитер был связан из 100% шерсти, он и сел аж в 4, а то и больше раз... Бывало ли у Вас так? Аль только я такая «везучая»? 🤣

_______________________________________________________‼️Узор с просторов интернета взят‼️";1558371969;57;7176478745;False;мастерклассвязание
BxsYfCXCPAr;"Ура! Розыгрыш мастер-классов!

За вашу активность и доброжелательность, за поддержку лайками и комментариями мы проводим розыгрыш мастер-классов! Будет 3 победителя! Каждый получит по 1 мастер-классу на выбор😊

Условия участия в розыгрыше:
🔸️Подписка на наш аккаунт @beebusy_school
🔸️Лайк❤ этому фото
🔸️В комментарии написать Хочу МК на выбор и указать 2-х подруг, которым тоже может быть интересен наш розыгрыш. 🚫Не магазины, не пустые страницы, не свои вторые, третьи аккаунты☝️Количество комментариев - не больше 3х!

23 мая вечером в сторис смотрите розыгрыш!

Работы на фото @nitikiti";1558374906;323;5315004841;False;мастерклассвязание
BxscgIEnWLa;"🍀Как спасти айфон (iPhon)
❤️ Мы очень любим наши гаджеты и никуда без них не ходим, а такая вещь как телефон 📱 всегда находится в нашем поле зрения. И как бывает обидно, когда он падает и царапается. .
. 
Я решила эту 😏 проблему для себя. Связала чехол на телефон 📲. .
. 
Для чехла взяла пряжу Троицкой фабрики «Кроха» и крючок 3 мм.
Так как эта пряжа, хорошо 👍 себя показала во время эксплуатации на предыдущих чехлах. . 🤩 Эти чехлы можно вязать на любой размер и на любые гаджеты, будь то, как сейчас у меня  Xiaomi или Huawei или на ваш любимый айфон (iPhone) и айпад (ipad). ❗ Можно применять на любые телефоны и планшеты. .
. 
Переходите к просмотру ссылочка на канал в шапке профиля 👆
И ровных вам петелек! .
.
.
.
.
.
#Мир_Вязаных_Фантазий #мастер_Наталья_Федотова #мастерклассповязанию #мастерклассбесплатно #мастерклассвязание #мастерклассыповязанию #видеомастерклассы #вязание_крючком #вязаныйчехол #вяжувсё #вяжукрасоту";1558377012;12;3268233874;False;мастерклассвязание
Bxspl47Df_x;"Энтрелак...
Загадочное слово, которое порой пытаются произнести неверно. Да что уж там, я сама недавно узнала, что неверно его произносила😶
⠀
И загадочное оно, это слово, порой не только для людей, далеких от освоения вязания, но и для тех вяжущих людей, которые много что знают и умеют.🌈
⠀
Я вот, многое знаю, но понятно же, что далеееекооо не всё. Энтрелак вязала - носки, юбку... и пока всё.
⠀
Но очень хочу научиться еще и плечевое изделие вязать в такой технике.
Можно самой поискать, порыть просторы этого... 🙄интернета.😁
Но гораздо продуктивнее, я думаю, учиться у того, кто это уже освоил и готов делиться знаниями.
⠀
Вот именно поэтому я участвую сама и зову всех, кто хочет научиться этой технике в совместник #дрк_кокетка_энтрелак к Наталье @ta_kolganova
⠀
Подробности можно узнать в её профиле. Хоть совместник уже начался, ещё можно присоединиться. К тому же, не обойдётся без подарков.
⠀
Я не только учусь, но ещё и подарочек приготовила для других участников - это МК по вязанию шапочки ""twigs"" в технике бриошь. А чтоб сразу её связать, будет ещё 4 моточка пряжи. Её точно хватит на пару шапочек😉
⠀
А кроме того, будут подарки от @evgeniya_roganova - порошок для стирки шерстяных вещей и от @raduga_yarn - сертификат на 1000р в её магазинчик.
⠀
Ну что, кто с нами осваивать энтрелак?🙄🤗";1558383883;54;4300260857;True;мастерклассвязание
Bxt4AzBiVCb;"Изделие с подкладкой или без?
.
Много мнений на этот счёт, кто-то выступает за то, что в вязаное изделие не обязательно делать подкладку, так как можно аккуратно вязать изнанку и прикрывать ничего не придётся 😉
Но не все изделия одинаково практичны без подклада - сумка «зефирка» например, в её объёмном плетении может что-то запутаться, потеряется какая-нибудь мелочь...
.
В конце концов подкладка в сумочке придаёт изделию завершённый вид 😍
.
Знаю знаю... не каждая из нас испытывает удовольствие в работе с подкладкой 🙈 сама была такая)))
Изделие вяжется с удовольствием, а к завершению приближаются мысли о том, как сделать подклад, как сделать ровный! 😅 подклад, как пришить к изделию, как вшить молнию 🤪 голова кругом...
.
Скажите, сталкивались ли вы с подобными трудностями? Планирую снять для вас обучающее видео по созданию подклада в домашних условиях, даже если у вас нет машинки. Надо? Актуально?
#корзинкиизтрикотажнойпряжи #мастерклассвязание #мастерклассмосква #крючокдляначинающих #трикотажнаяпряжамосква #вяжуизbiskvit #вяжемизbiskvit #трикотажнаяпряжамосква #трикотажнаяпряжаbiskvit #тпряжажелезнодорожный #тпряжажелдор #вязанаясумка #вязанаямода #вязаниеэтомодно #шьемподклад #шьемподкладку #сумкаручнойработы #сумкакрючком #вязаниеэтотренд #вязаниеэтостильно #вязаниеизтрикотажнойпряжи";1558424990;87;11393982249;False;мастерклассвязание
Bxt7BktCb93;"Здравствуйте, дорогие друзь🤗
Теперь в нашей мастерской можно посещать мастер-классы по вязанию .

Спешите записаться на интересный МК уже 🌼24,25 мая и 31 мая
👐Вязание руками.
Детский плед 📌С 12.00-16.00
🧶Стоимость 2000 руб/чел
Ул.Ворошилова 49а
::::::::::::::::::::::::::::::::::::::::::::::::::
✨На занятии каждый участник создаст своими руками мягкий ,воздушный плед ✨Размер 80*90
✨Готовое изделие и схему забираете с собой.Навык вязания не требуется.
⏩ Контакты в шапке профиля ☎️ 89155456417
❗ВНИМАНИЕ❗Если вас не устраивает дата или время,пишите свои пожелания,мы сместим занятие

#своимируками #вязаниерукамиворонеж #курсывязание #мастерскаяворонеж #мастерклассвязание #мастерклассворонеж";1558426569;18;4472675219;False;мастерклассвязание
Bxt7k4mC2nC;"‼️Полезный пост‼️ для начинающих вязальщиц
.
Что за зверь такой КА😲
.
Как делать это КА из плюшевой пряжи? Ведь она очень сыпется и не затягивается🤔
.
В видео все подробно рассказано☝️листаем карусельку
.
Не скупитесь на ❤️
.
#амигурумимастер #мастерамигуруми #мккрючком #мк #учувязать #учувязатькрючком #плюшеваяпряжа #каквязать #каквязатькрючком #амигурумисвоимируками #зефирнаяпряжа #patterns #pattern #knitting #knittingpattern #мастеркласс #мастерклассповязанию #мастерклассы #мастерклассвязание #каквязать #вяжутнетолькобабушки";1558426858;78;4004535783;False;мастерклассвязание
Bxt8bs9FjsD;"1️⃣ Напираем цепочку из воздушных петель.
⠀
*️⃣Важно! Длинна цепочки уменьшиться за счёт спирали, выбирайте оптимальную длину.
⠀
2️⃣В третью от конца петлю провязываем столбик с одним накидом.
⠀
И так провязываем ещё 2 столбика. В итоге в одной петле 3 столбика с накидом и петли подъёма.
⠀
3️⃣ Провязываем в каждую петлю 4 столбика с накидом до конца цепочки.
⠀
*️⃣ Степень закручивания зависит от количества провязанных столбиков с накидом в петле.
⠀
*️⃣Можно вязать не только столбик с накидом, а играться и провязать, например, столбик без накида.
⠀
*️⃣Спираль меняется в зависимости от способа вязания столбиков.
⠀
*️⃣ Можно комбинировать узоры. Все зависит от фантазии 😉
⠀
#мастерклассвязание #вязание_на_заказ #мастерклассбесплатно #вязание_крючком #вязаниекрючком #пряжа #мастерклассыповязанию #мастерклассповязанию #вязаниекрючок #ялюблювязать #нитки #крючок #вязаниенаспицах #люблювязать #вязаниехобби #своимируками #вязаниеназаказ #вязаниенапродажу #вязаниешапок #мк_задумка
⠀
Музыка: light
Музыкант: Jef
⠀
Схема ©https://www.liveinternet.ru/users/natalie27/rubric/1636699/comments";1558427685;11;8698117018;True;мастерклассвязание
Bxtjy0bik18;"Мастер-класс по вязанию крючком.
Интерьерная кукла Лолита из коллекции «Девичьи грезы»

Автор Елена Лозан
Формат PDF.
Размер документа 1,73 МБ
Языки: английский/русский на выбор
Документ содержит 14 страниц подробного описания куклы, одежды и украшений.
Документ содержит 29 фотографий всего процесса создания игрушки.
Документ содержит советы для вязания.

Документ не содержит уроков по вязанию и предназначен для рукодельниц, обладающих навыками вязания крючком
Уровень сложности: средний.
Приобретая этот МК -Вы можете связать любую куклу к своему вкусу.

Элементы цифровой загрузки не могут быть возвращены или обменены.

Стоимость МК 6,50$
/
#мастеркласскрючком #мастеркласповязанию #мастерклассвязание #мастер_класс #мастер_классы #мккрючком #мк_крючком #игрушкикрючком #игрушкикрючкомназаказ #игрушкикрючкомднепр #игрушкикрючкомукраина #игрушки_крючком #мккукла #мккукласвоимируками #мкигрушки #мкигрушкикрючком #куклакрючкомназаказ #куклакрючком #амигуруми 
#амигурумимк #амигурумисхемы #амигурумик #амигурумимастеркласс #амигурумикукла #амигурумиописание #амигуруминазаказ #амигуруми_мк #ангел #амигурумиангел #вяжутнетолькобабушки";1558414389;30;4007403439;False;мастерклассвязание
BxtlrkRgEN9;"Не успел закончиться марафон #карди_мания от организатора @elizavetaveshnya ,как Лиза,наша главная зажигалочка и вдохновительница,организовывает свой 15-й Бесплатный марафон по вязанию.
⠀
🧶 Будем вязать джемпер крючком🙌,можно заменить рисунок,можно убрать😉
⠀
🔝24 Мая начинаем вязать нашу красоту.
⠀
☑для участия нужно сделать простые действия🤝
⠀
✔подписаться на:
⠀
Организатора
@elizavetaveshnya

@klubok.motok.ru
⠀
@klubok_y_126
⠀
@vjazantija
⠀
@norkavmagadane
⠀
✔сделать упоминание марафона в Сториз,  с активной @ ссылкой на любого из спонсоров или страницу марафона.
⠀
✔стучимся в закрытый профиль @mega_marafon ,где будет вся информация по мк.
⠀
✔соблюдайте последовательность,написанных выше☝действий.
⠀
P.S. А теперь о мастер классе, он разжеван до мелочей,понятен новичку и очень крутой.
💯не привязан к пряже.
💯не привязан к размеру.
💯даже образец вязать не надо🤤
Все как вы любите🤩 идеальное вязание в тёплой компании🥰
⠀
Совместное вязание  джемпера «Мишки» -Бесплатное.
⠀
#джемпер_мишка
⠀
И конечно приятный бонус 🎁🎁🎁🎁🎁🎁🎁🎁
подарки от спонсоров,для самых старательных рукодельниц❤";1558415378;529;4362250847;False;мастерклассвязание
BxtoaJMiFzm;"Что ни день, то праздник! 🎉
Вы знали, что вчера был день рождения джинс?! 20 мая 1873 г. т.е целых 146 лет назад фирма «Levi Strauss & Co» получила лицензию на😍 единоличное право производства брюк с заклепками на карманах.🤘
⠀
Это были прочные брюки из парусины, со швами, усиленными двойной строчкой, со множеством карманов. Брюки пользовались популярностью у калифорнийских золотоискателей. Изначально, это была рабочая одежда, но со временем джинсы превратились в одежду для всех полов и возрастов.😏
⠀
За все время существования джинс менялись фасоны и модели. Джинсы с молнией на ширинке появились в 1926 году. В 1981 году «Levi’s» впервые выпустил джинсы для женщин. В 1995 году появились джинсы «стрейтч»⚡
⠀
Сегодня джинсы выпускаются в различном цветовом исполнении, разработано множество джинсовых тканей и моделей.
⠀
Мы уже не представляем себе жизни без этих удобных брюк!  Как говорится, и в пир и в мир сейчас можно выйти в джинсах.  Джинсы сочетаются, ну что греха таить, со всеми материалами. Они прекрасно смотрятся и с кожаным верхом,  и с шелковыми блузками, ну и конечно, с модными трикотажными сумками! 😍😍😍
⠀
А вы любите джинсы? Какая самая любимая модель?😊
￼";1558416809;89;4243581788;False;мастерклассвязание
BxtttWyg0aQ;"Доброго утречка и отличного дня❗️
#цитатадня :
🤓Единственное, что стоит между тобой и твоей целью, это дерьмовая мысль о том, почему ты не сможешь этой цели достичь, которую ты постоянно прокручиваешь в своей голове.

Джордан Белфорт

_______________________________________";1558419587;17;7176478745;False;мастерклассвязание
BxtxurMgQVE;"Всем спасибо!

Хочу сказать спасибо всем вам, девчата!

Спасибо тем, кто помог распространить информацию о мастер-классе.😘 Спасибо тем, кто искренне благодарил за подарок.
Обычно вы очень молчаливые, но вчера я получила стооолько эмоций, что не передать словами 🙏 Спасииибо 🤗

Ну и тем, кто отписался, как только получили мастер-класс.
И хоть вы и не поочитаете это, но спасибо и вам за то, что не даете забывать, что все люди разные 😁

А с сегодняшнего дня мастер-класс можно будет приобрести у меня, написав в директ или пройдя по ссылке в шапке профиля.
Стоимость МК 230 рублей.

Помимо описания самого дракоши в мастер-классе показан способ вышивания звезды бисером.

Еще раз всем спасибо , вы классные и вяжите с удовольствием 😉😘";1558421695;177;370870088;False;мастерклассвязание
BxtzL0mJkWI;"А какой МАСТЕР-КЛАСС  хочешь ты?⠀
⠀
НАПИШИ 👇👇👇 свои хотелки ...⠀
и мы постараемся реализовать 😉😉😉⠀
⠀
#курсы #курсывязания #астанавязание #мастер-класс #мастерклассвязание #вязатьмодно #вязатькруто #schoolknittingkz #bergen.gz #mukusheva_rahima #rahimabergen";1558422458;94;1218801652;False;мастерклассвязание
Bxu3atqAL8N;"10 ПРИЧИН ПИТЬ ЗЕЛЁНЫЙ ЧАЙ

Шалом славяне.

Это первое, что мне попалось на глаза, когда я спросила дядюшку Google про зелёный цвет.

Дальше было зелёное яблоко, зелёный горошек и зелёные бананы 🤔
⠀ 
А что вам приходит на ум при слове зелёный?

Ваша Nushkin.

___♡♡♡___
#мастерклассвязание #урокивязаниякрючком #урокивязанияспицами #амигурумимедведь #амигурумимишка #амигурумилиса #амигурумизаяц #вязаниедляначинающих #видеоурокивязания #мишкавязаный #каквязать #подарокмужу #деньрождения
#хорошиеигрушки #золотыерукимамы #вдекретевесело #мамаможетвсе #урокивязания #творимсдетьми #будущее #красиваяжизнь #чемзанятьсявдекрете #чемзанятьсядома #чемзанятьсясдетьми #чемзанятьсявечером #картажеланий #игрушкиамигуруми";1558458232;61;2105234525;False;мастерклассвязание
BxuAeTrAtr0;"Многие хотят писать, рисовать, танцевать или играть в театре, но боятся даже попробовать. Некоторые мечтают о творческой работе, но их профессия вроде как несовместима с творчеством.

А ведь творчество — это возможность уйти от рутины и сделать жизнь интереснее. Творчество — это то, что превращает серые будни в более яркую жизнь.

Никогда не поздно начать творческую жизнь - кем бы вы ни работали, сколько бы ни было вам лет.

Главное - оставьте страхи и меньше обращайте внимание на чужое мнение или неодобрение.
⠀
""Потому что в творческой жизни всегда присутствует Большое волшебство"" © Элизабет Гилберт

Фото @elena____ok";1558429426;98;7592198387;False;мастерклассвязание
BxuOcPYokAP;"Сумка ""НЕЖНОСТЬ"" 
МК включает в себя:
✴️Подробное описание вязания, сборки и декорирования сумочки
✴️Пошаговые фото
✴️Авторские примечания по нюансам вязания данной сумочки
✴️Стоимость МК - 200р.
✴️МК отправляется на указанную Вами эл.почту в pdf формате после оплаты на банковскую карту (реквизиты в Директ)
_______________________________
Покупая МК, Вы приобретаете ""путеводитель"" по миру собственного творческого вязания сумок!

#gala_gvg #galaвязание #вязаниекрючком #вязаниеиркутск #курсывязанияиркутск #мквязание #сумкиизатласныхлент #вязанныесумки #курсыиркутск #хендмейд #ручнаяработа #рукоделие #мастеркласс #рукодельница #мастерица #вяжем #иркутск #мастерклассвязание #handmade #хобби #хоббивязание #вязаниемоехобби #моехобби #вязаныесумки";1558436820;37;7981627210;True;мастерклассвязание
BxuQA-egmOn;"ВРЕДНЫЕ СОВЕТЫ ПРИ ВЯЗАНИИ ИГРУШЕК 🤔

Таких крутых советов по вязанию игрушек, вы точно ещё не видели!👍🏻
.
Читайте, применяйте, ставь ❤️, и сохраняйся себе в закладки 🔖.
.
✅Итак, самый важный совет! Всегда вяжите игрушки в плохом настроении. И тогда маленький обладатель игрушки (в прочем и большой тоже) не будет любить её, будет капризничать и портить её. А что ещё лучше эту игрушку не купят и она останется с вами🤪.
.
✅Пряжу для вязания игрушки выбирайте колючую, толстую и грубую. Тогда игрушки будет очень неприятно брать в руки🤭.
.
✅При вязании игрушек чередуйте вязание за переднюю и заднюю стенку петли. Ни в коем случае не вяжите всю игрушку за обе стенки петли, она тогда получиться ужасно ровная и красивая 😳.
.
✅Лучший способ делать убавки в игрушках - это пропускать петли! На игрушках появятся дырочки, это так безобразненько🤪.
.
✅Цвет пряжи должен быть максимально мрачный, грязно-серый, темно-синий или кислотно-розовый. В общем любые кричащие и мрачные цвета идеально подойдут для игрушек🤓.
.
✅Крючок для вязания берите на 2, а то и 3 размера больше, чем рекомендовано на пряже. Вязание будет рыхлое и неровное😁.
.
✅Пришивайте все детали как попало. Глазки приклеивайте обычным канцелярским клеем. А ещё лучше вообще не оформлять лицо игрушкам. И так сойдёт 🤣.
.
👍🏻👍🏻👍🏻👍🏻👍🏻
Все кто дочитал до конца, надеюсь понял, что пост - шуточный😉.
👍🏻👍🏻👍🏻👍🏻👍🏻
Как вам советы, пригодятся 😆?";1558437574;96;8265219402;False;мастерклассвязание
BxuUUlrgMEm;"Это так просто!

Пролистывая странички Инстаграма, я довольно часто натыкаюсь на темные фотографии вязальщиц. 
Если честно, смотреть их сложнее и порою даже просто и не хочется разглядывать, что там изображено. 
Поэтому сегодняшний пост не для продвинутых пользователей, а для новичков и особенно для вязальщиц, которым 18 лет, но уже несколько раз 😁. Если вы зарегистрировались в Инстаграм и публикуете свои работы или любые фотографии, значит вы уже можете и улучшить их качество.

При этом не нужно скачивать дополнительно какие-то приложения. Инстаграм сам позволяет отредактировать фотографию. 
К сожалению, я сама об этом узнала только спустя год существования в Инстаграм. Но радости не было предела 😁😁😁 При размещении фото уже на второй странице, там, где предлагаются различные фильтры, справа внизу вы увидите кнопочку ""редактировать"". Жмите на нее. 
И достаточно ползунком увеличить яркость и контраст, всего лишь 2 действия, и ваша фотография станет светлее и гораааздо привлекательней!

Пробуйте, не поленитесь!

Мне нелегко даётся осваивать простые для молодежи вещи, но я стараюсь, хотя по-прежнему боюсь нажать на неизвестную кнопочку 😁😁😁. И у Вас все получится!

Удачи!";1558439832;101;6939858340;False;мастерклассвязание
Bxu_uK4ltZ-;"МАСТЕР КЛАСС ВНУТРИ ПОСТА! 👇👇👇
⠀
На днях меня посетила группа Отпетые Мошенники😱
⠀
А знаете как? Я весь день напевала песню про вязание! Они оказывается и про него тоже пели!
⠀
Пуговки бывают разные: чёрные, белые, красные..
Обманула, обвела, запутала,
Что хотела получила, укутала,
Одеялами, звездами ясными,
Сине-бело-голубыми и красными. 😂
⠀
Поэтому, предлагаю не обижать парней и связать таки им эти пуговицы. Тем более, что это займет всего 10 минут.
⠀
Термины:
👍 воздушная петля (ВП),
👍 петля с двойным накидом (2Н).
⠀
Приступаем:
⠀
📍Сделайте кольцо и закрепите нитку. (см. в карусели рис. 2)
📍Сделайте 2 ВП и затем провяжите вокруг кольца 11 петель с двойным накидом. (см. в карусели рис. 3)
📍Теперь есть 12 петель. Собственно, пуговица уже наполовину готова.
📍Соедините концы при помощи иглы.
📍Отрежьте нить и затяните ее в петлю на крючке. Пропустите нить в иглу.
📍Завершите круг, продев кончик иглы в верхнюю часть вашей первой петли 2Н (то есть не в первый, а во второй столбик), а затем проденьте иголку назад в последний столбик.
Это создаст дополнительный декоративный стежок, и ваша пуговица будет выглядеть более аккуратно.
⠀
Давайте украсим пуговицу расходящимися лучами?
⠀
📍Для этого возьмите небольшой кусочек контрастной пряжи (около 30 см. в длину).
📍Вденьте нить в иглу.
📍Проденьте иглу между двумя столбиками с 2Н, потом в центр пуговицы.
⠀
И ваша пуговка готова!
⠀
Красота? Всё-таки молодцы Отпетые Мошенники, такое настроение создали. 😂
⠀
⠀
⠀
⠀
⠀
#мастерклассвязание #вязаниеонлайн #вязаниекрючком #урокивязания #вязанаяпуговица #пуговицасхема";1558462586;54;3283779689;False;мастерклассвязание
BxuiewOpVww;"Итак сегодня, большим финальным розыгрышем призов, завершился РукоДодельный марафон🎆🎇✨ @rukododelniymarafon ..
..
Хочу сказать огромное спасибо участникам этого марафона 🌹🌹🌹 Вы большие молодцы!!! Отчёты ваши и старания очень радовали 👍👍👍 .Это была насыщенная и интересная неделя!
..
..
Может как-нибудь повторим? 😄😉
..
..
И о подарках 🎁
.🎁 среди тех, кто связал зайку Болика приз, а именно МК по вязанию семейки кроликов RABBITовичей, выиграла Елена @rukodelki_ot_elenki ..
..
.🎁 в финальном розыгрыше от меня тот же приз выиграла Светлана @sofseta87 ..
..
.🎁 все девочки, кто связал зайку Болика, а именно
.🌟 @olgatenigina .🌟 @natushkamaj .🌟 @velichko.tat .🌟 @tatyknits .получают 50% скидку на участие в онлайне по вязанию семейки кроликов RABBITовичей, который планируется в ближайшее время. Т.е. входной билетик для них будет стоить всего 25грн/60руб, а там я задумала кое-что интересненькое 😉
..
..
.🎁 все участники марафона в течение 3 дней могут приобрести МК по вязанию семейки кроликов RABBITовичей со скидкой в 50% т.е. всего за 75грн/175руб ..
..
Приятного всем вязания и творческих вдохновений ❤❤❤
..";1558447255;41;2870336738;False;мастерклассвязание
BxunOmAgf6O;"Пряжа DROPS Brushed Alpaca Silk
Состав: 77% альпака, 23% шелк
140 м./25гр.
Цвет: 2 светло-серый 
Остаток: 10 мотков
Цена: 215 рублей/моток
Создана для вязания легких, пушистых и теплых вещей, комфортных в носке. Невесомые кардиганы и свитера, ажурные шали и палантины, теплые шапки и снуды.

Нить довольно тонкая, ее метраж 140 метров в 25 грамм, для работы рекомендованы спицы №5, но размер спиц можно выбирать в зависимости от нужной плотности. Вязать можно как в одну, так и в две нити, а также с добавлением другой пряжи, например, Alpaca.

Примерные по расходу пряжи:
- пуловер или жакет лицевой гладью — 150-200 грамм в зависимости от длины (разм.42-44);
- небольшая шаль или палантин — ок.100 грамм;
- палантин или шаль стандартного размера — 125-150 грамм;
- свитер в две нити — 200-250 грамм в зависимости от длины (разм.42-44)";1558449744;23;10333716142;False;мастерклассвязание
Bxuo20riSnS;"Вчера миллионы американцев не пошли на работу, потому что смотрели последнюю серию Игры Престолов😳. А сегодня только ленивые не высказали свое мнение  на тему финала самого рейтингового сериала в мире! #GameofTrones 🔥 ⠀
Вы знали, что в Москве на стадионе «Локомотив» установили экран высотой с 4х этажный дом ради просмотра финала? 😳
⠀
Как связано наше творчество с этим сериалом? Наверно, только однокоренными словами.😅 Сюжет заВЯЗан на высокой творческой ценности. Какой сценарий! В этом сериале все сВЯЗано! А какая разВЯЗка сюжета! Ни одной бессВЯЗной серии…😄😄🤗
⠀
А давайте вы тоже придумаете какие-нибудь слова с корнем ВЯЗ к этому сериалу? И вообще, кто смотрел, как вам концовка? 😱😏🤔";1558450598;231;4243581788;False;мастерклассвязание
BxuoMwxInm0;".
Ставим ❤️, сохраняем в закладках ◻️☑️.
.

Вяжите с удовольствием 💕👍!
.
Прелестная короткая туника с широкими ажурными планками и большим сердечком, вышитым бусинками.
РАЗМЕРЫ
98/104 (110/116)

ВАМ ПОТРЕБУЕТСЯ
Пряжа (100% мериносовой шерсти; 220 м/50 г) — 200 (250) г розовой; круговые спицы №4 длиной 40 и 60 см и спицы №5 длиной 60 см; комплект чулочных спиц №5; бусины в розовых тонах диаметром 5–8 мм.

УЗОРЫ И СХЕМЫ

ЛИЦЕВАЯ ГЛАДЬ
Лицевые ряды — лицевые петли, изнаночные ряды — изнаночные петли.
В круговых рядах все петли провязывать лицевыми.

РЕГЛАННЫЕ УБАВКИ
До и после 2 отмеченных петель реглана из протяжек вывязать по 1 лиц. скрещенной петле = в одном ряду прибавляется 8 петель.

СЕТЧАТЫЙ УЗОР
Вязать по кругу = четные ряды – * 1 накид, 2 п. провязать вместе лицевой, от * повторять; нечетные ряды — все петли провязать лицевыми.

_
#rinna2411_models #knittingforkids #knitting #baby #beautiful #moda #style #детскаяодежда #туника #детскаятуника #вяжемдетям #мквязание #мк #описаниевязание #бесплатноеописание #free #описание #бесплатно #мастерклассвязание #туникаспицами #модноевязание #схемавязания";1558450253;41;4502952780;False;мастерклассвязание
BxusEEUFzXt;Кардиган (крючок) подробное описание 200 рублей #описаниевязания #схемывязанияспицами #схемывязаниякрючком #описаниекардиган #мастерклассвязание;1558452279;3;7463229963;False;мастерклассвязание
BxuxIILjN8m;"Что постить мастерицам?
⠀⠀⠀⠀⠀
Если вы шьёте, вяжете, вышиваете, то логично, что хотите продавать ваши работы через Инстраграм!
⠀⠀⠀⠀⠀
Надо ли говорить, насколько важна визуальная составляющая. Но пожалуйста, не делайте ленту из однообразных фото шапок, кофт, медведей и т.д.
⠀⠀⠀⠀⠀
👗Если это одежда, покажите её на модели.
⠀⠀⠀⠀⠀
👒 Летнюю шляпку можно снять как на девушке, так и забытой в цветущем саду или на пляже
⠀⠀⠀⠀⠀
🐰Игрушку посадите на детскую кровать, а лучше сфотографируйте с любящим хозяином или хозяйкой.
⠀⠀⠀⠀⠀
🏡 Интерьерная вещь будет лучше смотреться в интерьере, а не на белом фоне.
⠀⠀⠀⠀⠀
👼Вещи для новорождённых вызовут больше восторга на малышах. Но если свои малыши уже бегают, а подходящих моделей для съёмок и публикации нет, то можно сфотографировать костюм на плечиках в детской, либо лежащим на мягком пледе.
⠀⠀⠀⠀⠀
🧶🧵Не ограничивайтесь фото изделий, покажите материалы и ваше рабочее место. Расскажите, что вам нравится в вашей работе, как давно вы этим занимаетесь и как пришли к этому.
⠀⠀⠀⠀⠀
Публикуйте не только товар, название и цену. Пиши посты, интересные вашей ЦА.
⠀⠀⠀⠀⠀
Если у вас Детский товар, заведите рубрику смешных историй про детей или анекдоты в стиле говорят дети! Попросите ваших читателей рассказать такие истории из их жизни - наверняка, получите множество комментариев.
⠀⠀⠀⠀⠀
Если у вас Одежда или Товары для женщин, разбавляйте постами о стиле, красоте, путешествиях, книгах - всегда можно найти смежные с вашим товаром интересы.
⠀⠀⠀⠀⠀
Есть тут мастерицы? О чем пишите?";1558454934;41;9466467086;False;мастерклассвязание
BxuxYrNFMZv;😍 #описаниевязания #схемывязанияспицами #схемывязаниякрючком #описаниекардиган #мастерклассвязание;1558455070;1;7463229963;False;мастерклассвязание
BxuxeYvl4ny;😍 #описаниевязания #схемывязанияспицами #схемывязаниякрючком #описаниекардиган #мастерклассвязание;1558455116;3;7463229963;False;мастерклассвязание
BxuxjU6FWRl;😍 #описаниевязания #схемывязанияспицами #схемывязаниякрючком #описаниекардиган #мастерклассвязание;1558455157;3;7463229963;False;мастерклассвязание
Bxuz2erC1m-;"Второй МК из серии «Приплюшиков» по мышатам также готов к продаже
⠀ ⠀
📜 Мастер-класс в формате PDF состоит из 16 страниц. Рост игрушки при использовании указанных материалов – 21-22 см. По этому МК вы сможете связать мышат, как на фото!
⠀ ⠀
📝 Включает:
📎 список необходимых материалов;
📎 пошаговое описания процесса вязания, сборки и оформления;
📎 39 фотографий
⠀
💰 Цена: 70 грн/175 рублей
При покупке 2-х МК из серии «Приплюшики» скидка 10%
⠀ ⠀
✒ Игрушка связана крючком
✒ Уровень сложности: средний
✒ После получения оплаты высылается ссылка на скачивание файла
✒ Для приобретения пишите в Директ или в комментариях к посту
⠀
⠀
⠀

И я хочу в сторис к @mania_amigurumi #мания_амигуруми
⠀
⠀
⠀
⠀
⠀ ⠀ ⠀
⠀
⠀
⠀
⠀
⠀

#мышкакрючком #амигурумимышка #амигурумимышь #мастеркласс #вязанаямышка #символ2020 #amigurumimaus #weamigurumi #amigurumitoys #crochetmaus #amigurumimagazine #мастерклассповязанию #описаниевязания #_МК_nz #crochetdesing #crochetpattern #amigurumianimal #мастерклассвязание #weamiguru #проект_ilovehandmade #handmade_oops #space_hm #ht_handmade #handmadeworld1 #superhm #instagurumi #handmade_igruhski #pattern #luxchat_опятьdojdi";1558456362;129;7291472778;False;мастерклассвязание
BxuzmFViR9W;"Онлайн по приплюшикам закончился и теперь МК по хрюшкам готов к продаже
⠀ ⠀
📜 Мастер-класс в формате PDF состоит из 17 страниц. Рост игрушки при использовании указанных материалов – 21-22 см. По этому МК вы сможете связать хрюшек, как на фото!
⠀ ⠀
📝 Включает:
📎 список необходимых материалов;
📎 пошаговое описания процесса вязания, сборки и оформления;
📎 55 фотографий
⠀
💰 Цена: 70 грн/175 рублей
При покупке 2-х МК из серии «Приплюшики» скидка 10%
⠀ ⠀
✒ Игрушка связана крючком
✒ Уровень сложности: средний
✒ После получения оплаты высылается ссылка на скачивание файла
✒ Для приобретения пишите в Директ или в комментариях к посту
⠀
⠀
⠀

И я хочу в сторис к @mania_amigurumi #мания_амигуруми
⠀
⠀
⠀
⠀
⠀ ⠀ ⠀
⠀
⠀
⠀
⠀
⠀

#игрушкиназаказ #ilovecrochet #amigurumist #мастеркласс #вязанаясвинка #свинкакрючком #amigurumitoy #handmadetoys #crochetamigurumi #crochetpig #amigurumimagazine #мастерклассповязанию #описаниевязания #_МК_nz #crochetdesing #crochetpattern #hand_made_928 #мастерклассвязание #weamiguru #проект_ilovehandmade #handmade_oops #space_hm #ht_handmade #handmadeworld1 #superhm #instagurumi #handmade_igruhski #pattern #luxchat_опятьdojdi";1558456228;118;7291472778;False;мастерклассвязание
BxvE569iTrd;"🌈Представьте, что у вас в детсве  были бы все игруки что вы хотели.. круто же было бы!😏
Листайте карусельку и смотрите видео👉🏻
.
А у ваших детей такое может быть
.
И у вас еще тоже😁
.
😜Иногда я думаю, что просто не наигралась, или просто я тоже родом из детства и поэтому мне так нравится создавать свои игрушки
.
А видя, как ОБА моих ребенка ( старшему почти 9!!! 🙈 между прочим) с удовольствием играют с моими творениями, мне хочется делится этой радостью и с другими
.
😊Я хочу чтобы любая мама смогла почувствовать тот восторг, умиление и гордость за себя, создав своими руками лучшего друга для малыша💖
.
МК по ленивцу 300 RUB/ 9.5 BYN 
Цена игрушки 1500 RUB/ 30 BYN
.
По всем вопросам пишите в директ или на любой мессенджер +375291202206, или перейдя по ссылке в шапке профиля";1558465303;104;8296196519;False;мастерклассвязание
BxvKJsfIC_P;"МК  плюшевой совушки 🦉 
Автор МК Татьяна Кучерявая @tatikuch_ruigru

Автор работы на первом фото @plush_happiness_toys";1558468054;37;9314373129;False;мастерклассвязание
BxvLcVcAclV;"Кайма 😍
Чаще всего мне ее лень вывязывать, но когда она есть, то вид всего изделия меняется в лучшую сторону, согласны?
.
#схемавязания #мастерклассвязание #вязаниекрючком #узоркрючком #схемакрючком #схемабесплатно #крючком #вязаниедлядетей #вязание #мастеркласс";1558468731;33;7115906398;False;мастерклассвязание
Bxw-HwVien0;"Доброго времени суток всем ❤️👋
⠀
Обучалочка для тех кто не знает как вяжется шнур «гусеничка».
⠀
🍀В карусели есть схема с пошаговым этапом и видео процесса.👉
⠀
🍀Шнур без имени и фамилии😉процесс вязания я увидела на просторах интернета, делюсь с вами.Второе видео в карусели 👉
❗️Этот шнур вяжется из толстой пряжи или из нити сложённой вдвое.Отмерить конец  от клубка, больше в три раза нужной длинны шнура:50см*5=150см❗️
#учимсявязатькрючком #учимсявязать #вязаниедляначинающих #новичокввязании #уроквязания #мастерклассвязание #вяжутвсе #вязаниедляновичков #вязаниедлямалышей #вязатькрючком #мк_вязание #покажукаквяжу #вязание_крючком #вяжутмамы #вяжутнетолькобабушкиноимамочки #мамавяжет #knitting_is_love";1558528856;762;6277591304;False;мастерклассвязание
Bxw26phAztK;"[ВЯЗАЛЬНАЯ ЗАГАДКА]
⠀
Пока у меня идёт совместник по вязанию японской авоськи, с удовольствием делюсь с девочками нюансами японской техники вязания. По одному из них вязальная загадка получилась. Две одинаковые цепочки из воздушных петель провязаны соединительным полустолбиком. Но у японцев что-то пошло не так, и они решили сделать это по-своему 😂 Кто догадается как? В чём отличие от привычного нам варианта? ⠀

Смотрите видео со звуком 🔊 (про карусель не забудьте). Пишите ответы в комментариях.
⠀
Тем, кто правильно ответит, маякну в Директ 😉 Ну а тех, кто не хочет гадать, а хочет всё сразу знать, приглашаю на следующий поток совместника по авоське. Там всё подробно и интересно. Регистрация по ссылке в шапке профиля 🔝

Девочки, время набора ограничено! Пряже ведь ещё из Японии добраться надо. Поэтому скорее кликайте по ссылке в шапке профиля и будет вам целая авоська новых знаний! Ну и трендовый летний аксессуар, конечно )

#японскаяпряжа #пряжаизяпонии #совместноевязание #совместник #вяжуавоську #вяжемвместе #описаниевязания #мастерклассвязание #вяжукрючком #магазинпряжи #магазиняпонскойпряжи #купитьпряжу #купитьпряжухабаровск";1558525078;87;7020351061;False;мастерклассвязание
BxwIY6dnhIl;"#Repost @koloritvrn (@get_repost)
・・・
Здравствуйте, дорогие друзь🤗
Теперь в нашей мастерской можно посещать мастер-классы по вязанию .

Спешите записаться на интересный МК уже 🌼24,25 мая и 31 мая
👐Вязание руками.
Детский плед 📌С 12.00-16.00
🧶Стоимость 2000 руб/чел
Ул.Ворошилова 49а
::::::::::::::::::::::::::::::::::::::::::::::::::
✨На занятии каждый участник создаст своими руками мягкий ,воздушный плед ✨Размер 80*90
✨Готовое изделие и схему забираете с собой.Навык вязания не требуется.
⏩ Контакты в шапке профиля ☎️ 89155456417
❗ВНИМАНИЕ❗Если вас не устраивает дата или время,пишите свои пожелания,мы сместим занятие

#своимируками #вязаниерукамиворонеж #курсывязание #мастерскаяворонеж #мастерклассвязание #мастерклассворонеж
#пледруками 
#мастерклассплед";1558500685;9;2225363239;False;мастерклассвязание
BxwMkCGiJlX;"Что вы  больше любите просматривать в Инстаграме? Ленту или Сторис? 🤔⠀
⠀
На сегодняшний день сторис набирает бешеную популярность. В сторис сейчас чуть ли не фильмы собственного производства выкладывают.😍⠀
⠀
Мы решили рассказать о некоторых программах, которые помогут вам быть в тренде и показать подписчикам свой креатив. ☝💯⠀
⠀
🔹Unfold — самое популярное и универсальное приложение. Подойдёт для создания цепочек «Историй».⠀
⠀
🔹Mojo делает красивые анимированные публикации. Подойдут для рекламных «Историй», анонсов новых продуктов, видео, статей.⠀
⠀
🔹StoryPro — простейший инструмент, но в нём есть гифки.⠀
Идем дальше. Еще одно классное приложение для Instagram Stories для тех, кто обожает самостоятельно снимать видосики и редактировать их.⠀
⠀
🔹InShot  С помощью этого сервиса можно создавать настоящие шедевры и ощутить себя профессиональным видеооператором. ⠀
⠀
🔹Videoshop — это ещё одно очень хорошее приложение для монтажа видео. Чем оно отличается от предыдущего InShot? В Videoshop есть возможность накладывать видео поверх других фото и видео, а также сохранять свои проекты, которые потом можно использовать, как шаблоны.⠀
⠀
🔹TikTok—Видео можно снимать прямо в приложении или загружать готовые ролики и добавлять к ним фильтры, эффектны, AR-маски и объекты, музыку.⠀
⠀
Пользуетесь какими-нибудь из представленных программ?⠀
А может, у вас есть свои любимчики?🤗";1558502873;155;4243581788;False;мастерклассвязание
BxwOUOBodkv;"Доброе утро🌿
.
Переходим на летний режим. .
Фотография хоть и прошлогодняя, но она прекрасно отражает погоду за окном. .
Побольше бы солнечных деньков. 🌞";1558503792;37;2138253149;False;мастерклассвязание
BxwPJ0com8c;"Любите такие джемперы?⠀
____________________________________________#свитер #мастеркласс #вязаныйсвитер #вязаныйпуловер #оверсайз #look #этолюбовь❤️ #свитерспицами #вяжунемогуостановиться #свитероверсайз #вырез #looks #теплоеплатье #тепло #весна2019 #8марта #oversize #fashionlook #всевжизнисвязано #вяжуспицами #мк #мккардиган #мастерклассвязание";1558504231;31;5697006569;False;мастерклассвязание
BxwU1e8l1Tw;"Ну, что все досмотрели ""Игра Престолов""? Я так ждала последний сезон, но последняя серия меня усыпила(((( хотелось какого то взрыва, эмоций, а там скука....🙄 Зато все говорят о последнем сезоне так, как не говорили обо всем сериале а целом😆🙈 и даже те кто не смотрел, решили посмотреть😂 думаю задумка режисеров удалась)))) А вы из тех кто смотрел или наоборот не смотрел?
 Если смотрели, как вам?";1558507246;300;6174507722;True;мастерклассвязание
BxwYE45CP_W;"Хочешь связать классную детскую игрушку? А может быть, душа просит порцию новенькой пряжи? 😊
⠀
🔥 Мы с девочками решили подарить 9 мастер-классов и сертификат номиналом 500 рублей на покупку пряжи!
⠀
Чтобы принять участие в розыгрыше, поставь 💕 этому посту и переходи к 👉 @sami_kryuchkami 👈 все подробности у неё в посте.
⠀
🎁 Я подарю мастер-класс мышонка Тишки, остальные 9 подарков смотрите в карусели 🎡
⠀
🤹 Розыгрыш уже в это воскресенье, в 16.00 по Москве в прямом эфире у @sami_kryuchkami
⠀
💥10 подарков = 10 победителей! Шансы ооочень велики!💥
⠀
Не выигрывает только тот, кто никогда не участвует 😜
Желаю вам удачи!🎈🎈🎈";1558508909;313;4061669889;False;мастерклассвязание
BxwZZ_BCAo2;"Лисёнок 😏 Милый и активный 🙌  Бытует мнение , что лисы хитрые, а как вам кажется этот лисёнок хитрый? 😃 .
Автор не известен 📃
⠀
⠀

#описаниеLHK 
#вяжутнетолькобабушки #вяжутнетолькобабушкиноимамочки  #вязаниеспицами  #вязанаяшапканазаказ #вязаныйснудназаказ  #снудспицами #шапкаспицами  #шапкатыковка #шапкарезинкой #простаяшапка #вязаниедетям #вязаниедлядетей #бесплатныймк #мастерклассвязание #обучениевязанию #школавязания #шапкабини #бесплатноеописание #описаниевязания #мкспицы #мастеркласс";1558509606;656;4796792842;False;мастерклассвязание
Bxw_fb5g6NI;"Вы просили и я не смогла вам отказать😊
Готов МАСТЕР КЛАСС кардигана #МК_карди_Stylish_Boy
📌Описание в формате PDF
📌Содержит в себе фотографии и пошаговые инструкции
📌Рекомендуемая пряжа Alize Lana gold classic
📌Размер 110-116 см
📌Стоимость описания 300₽
Оплата на карту сбербанка, PayPal или Qiwi
#вязание #кардиган #кардиганспицами #мк #мквязание #мастеркласс #описание #урок #вяжемвместе #обучение #пряжа #спицы #мастерклассвязание";1558529574;66;1488408643;False;мастерклассвязание
BxwelQKAzHD;"Ррррекс! 🐶 Похож? 😉
Описание вязания в карусели. Описание ушек в комментариях.
Автор не известен. Если вы знаете автора, напишите нам пожалуйста!";1558512320;1546;3185081216;False;мастерклассвязание
BxwzIOMireT;"❤️Девичьи грезы - что это?❤️
Принцессы, феи, единороги, волшебство и сказка...
А еще - это название нашей коллекции авторских кукол)
Название этой коллекции говорит само за себя)
Эти куклы - мечта каждой маленькой девочки!
Большие, нежные и уютные, выполнены с любовью из качественных материалов. Каждая куколка имеет своего собственного маленького питомца)
Такая куколка украсит комнату вашей принцессы и станет ей лучшей подружкой!
Первая куколка в этой коллекции - Лолита. 
Лолита - фанатка мишки Тедди, с которым никогда не расстается)
У куклы нежное платье из мягкого фатина и добрый нрав)
Вы можете заказать эту куклу в любом цвете в нашей студии за 600 грн или связать самостоятельно по нашему МК.
Соберите свою коллекцию Принцесс!

#мастеркласс #мастеркласскукла #мастерклассы #мастерклассвязание #мастер_классы #pattern #patterndesign #patterns #мк #крючком #вязаниекрючком #крючкомдетям #мккрючком #вяжемкрючком #крючкомания #вяжукрючком #вязаниекрючкомназаказ #crochet #crochet_relax #crochet_pattern #crochets #crochettoy #crochetdoll #crochettoys #кукларучнойработы #кукла #куклатильда #куклакрючком";1558523092;25;4007403439;False;мастерклассвязание
BxxD9XNgcw7;"В дороге только с ним 😍⠀
Это любовь с первой петельки)⠀
⠀
Кстати, вы можете подарить вашему малышу такого же🤖 У меня проходит лотерея, принимайте участие ❤️⠀";1558531916;215;4621476342;False;мастерклассвязание
BxxRwGioT0n;"🧚🏻‍♂️ХЛОПОК🧚🏼‍♀️ ⠀⠀⠀⠀⠀⠀⠀⠀⠀⠀⠀⠀⠀⠀⠀⠀⠀⠀⠀⠀⠀⠀⠀⠀⠀
Ну что друзья, до лета осталось совсем чуть-чуть 🌸
⠀⠀⠀⠀⠀⠀⠀⠀⠀⠀⠀⠀⠀⠀⠀⠀⠀⠀⠀⠀⠀⠀⠀⠀⠀⠀
Почему многие рукодельницы для летних топов или кофточек выбирают натуральную пряжу такую, как хлопок?
Сегодня предлагаю немного разобраться в этом вопросе.⠀⠀⠀⠀⠀⠀⠀⠀⠀⠀⠀⠀⠀⠀⠀⠀⠀⠀ ⠀⠀⠀⠀⠀⠀⠀⠀⠀⠀⠀⠀⠀⠀⠀⠀⠀⠀⠀⠀⠀⠀⠀⠀⠀⠀
Итак, начнем с ➕:
🍃Изделия из натурального хлопка отлично впитывают влагу.
🍃Хлопок хорошо пропускает воздух, то есть одежда «дышит», что особенно важно при вязании вещей для маленьких деток  и летних вещей.
🍃Хлопок гигиеничен, мягок и приятен в носке.⠀⠀⠀⠀⠀⠀⠀⠀⠀⠀⠀⠀⠀⠀⠀⠀⠀⠀⠀⠀⠀⠀
🍃Изделия легко стираются, при этом они устойчивы к механическим воздействиям.⠀⠀⠀⠀⠀⠀⠀⠀⠀⠀⠀⠀⠀⠀⠀
🍃Вещи из хлопка довольно прочные, даже в сравнении с шерстяными изделиями.⠀⠀⠀⠀⠀⠀⠀⠀⠀⠀⠀⠀⠀⠀⠀
____________________⠀⠀⠀⠀⠀⠀⠀⠀⠀⠀⠀⠀⠀⠀⠀
Благодаря необыкновенно богатой палитре можно вязать невероятные шедевры, при этом используя любой узор (Хотя, честно скажу, на резинке он мне категорически не нравится! Но это моё мнение!).⠀⠀⠀⠀⠀⠀⠀⠀⠀⠀⠀⠀⠀⠀⠀ ⠀⠀⠀⠀⠀⠀⠀⠀⠀⠀⠀⠀⠀⠀⠀⠀⠀⠀⠀⠀⠀⠀⠀⠀⠀
Ну, а теперь о ➖:⠀⠀⠀⠀⠀⠀⠀⠀⠀⠀⠀⠀⠀⠀⠀
🌱Хлопковая пряжа чувствительна к воздействию солнечных лучей. Под их влиянием материал становится менее прочным.⠀⠀⠀⠀⠀⠀⠀⠀⠀⠀⠀⠀⠀⠀⠀
🌱Изделия из хлопковой нити довольно тяжелые, не обладают упругостью и эластичностью. Чтобы изделие было не очень тяжелым, от себя посоветую бобинный хлопок. Да, пряжа очень тонкая, однако вещи получаются легче, если не брать много сложений в работу.
🌱Вещи из хлопка подвержены усадке, а также достаточно долго сохнут после стирки.⠀⠀⠀⠀⠀⠀⠀⠀⠀⠀⠀⠀⠀⠀⠀
🌱Нити хлопковой пряжи, как правило, скручены из нескольких более тонких нитей, что при вязании спицами не совсем удобно.⠀⠀⠀⠀⠀⠀⠀⠀⠀⠀⠀⠀⠀⠀⠀
~~~~~~~~~~~~~⠀⠀⠀⠀⠀⠀⠀⠀⠀⠀⠀⠀⠀⠀⠀
Ну и напоследок вам скажу, что изделия из хлопка можно носить круглый год 🙌⠀⠀⠀⠀⠀⠀⠀⠀⠀⠀⠀⠀⠀⠀⠀
Они хороши и зимой, и летом ✨ ⠀⠀⠀⠀⠀⠀⠀⠀⠀⠀⠀⠀⠀⠀⠀⠀⠀⠀⠀⠀⠀⠀⠀⠀⠀⠀⠀
За полезность нам сердечко ❤️, а вам в закладки.";1558539148;14;7176478745;False;мастерклассвязание
BxxeN1Zg5rW;"🤩ДЕКОРАТИВНАЯ КРОМКА🤩

Доброго вечера 🌹

Сегодня хочу предложить вам декоративный способ оформления кромки 👌

Наверняка, многие про него знают, но вдруг кто-то забыл 😏

Такой край отлично подойдёт для цельновязаной планки, для оформления боковых разрезов в нижней части изделия 😉

Идеальный вариант - планка, выполненная полой резинкой 🔥

Чтобы получился такой край, в каждом ряду надо:
1. Первую кром снять, не провязывая, след петлю вязать лиц
2. Предпоследнюю петлю снять как изн, не провязывая (нить перед работой), последнюю кром вязать изн бабушкиной.

И все!

Обязательно сохраните, точно пригодится 😊";1558545683;789;1231347430;False;мастерклассвязание
BxxgH8lCcP6;"А у нас готов отчет по платью 🌸HELEN.🌸⠀
⠀
Месяц назад мы набирали тест-группу на вязание этого платья. И вот уже сегодня можем посмотреть результаты!😻⠀
Только взгляните, какие прекрасные получились наряды! Как вам? 🤗⠀
⠀
Что интересно, схема была одна, а платья получились разные, девочки  добавляли новые узоры и обыгрывали платье на свой вкус. 😏🌷🌹🌼⠀
⠀
Кстати, до конца недели можно купить этот урок с 50% скидкой!🎉 Схема доступна как в детском, так и во взрослом размерах.⠀
Урок находится на сайте во вкладке “Одежда”.";1558546683;227;4243581788;False;мастерклассвязание
